2022-05-10,304.510,305.760,296.570,300.760,122274147
2022-05-11,298.440,304.090,290.950,291.840,132835357
2022-05-12,287.450,295.740,284.940,291.150,120910850
2022-05-13,295.720,302.999,294.082,301.940,79012795
2022-05-18,301.540,302.250,289.850,291.140,72703978
2022-05-19,289.290,294.390,287.580,289.580,76495070
2022-05-20,293.130,293.800,280.220,288.680,86427598
2022-05-24,288.125,288.850,282.250,287.240,68726896
2022-05-26,290.440,300.920,290.150,299.330,55990785
2022-05-27,302.540,309.250,302.427,309.100,63554460
2022-05-30,302.540,309.250,302.420,309.100,66918300
2022-05-31,309.070,311.310,304.330,308.280,56318093
2022-06-01,310.470,312.650,303.730,306.000,62570175
2022-06-02,304.850,314.550,303.400,314.380,56316755
2022-06-06,310.750,312.350,305.620,307.220,49775298
2022-06-07,303.810,310.670,302.689,309.870,42538062
2022-06-08,309.050,311.710,306.790,307.640,37181895
2022-06-09,305.910,309.050,299.230,299.400,52065160
2022-06-14,277.660,278.660,273.337,275.910,60617160
2022-06-15,279.415,286.830,276.640,282.800,82312619
2022-06-16,275.590,276.060,269.280,271.390,77031024
2022-06-17,272.180,277.180,270.512,274.690,74937742
2022-06-20,272.180,277.190,270.510,274.690,82594000
2022-07-05,278.310,287.080,276.750,286.960,61522000
2022-07-06,287.350,290.950,285.590,288.800,58558291
2022-07-07,289.630,295.700,289.650,294.980,52608997
2022-07-08,292.080,296.750,291.130,295.350,55746036
2022-07-11,292.880,293.109,288.140,289.040,50940028
2022-07-12,290.320,292.280,284.620,286.240,53381530
2022-07-13,280.600,288.050,280.020,285.650,66876596
2022-07-14,282.990,287.560,279.800,286.670,60981729
2022-07-15,289.730,291.980,288.080,291.870,59623882
2022-07-18,294.720,296.160,288.200,289.400,51771737
2022-07-19,293.110,298.600,291.480,298.300,51095451
2022-07-20,298.730,304.240,297.933,303.030,61050484
2022-07-21,303.500,307.435,300.780,307.380,51248735
2022-07-22,ERROR-1
2022-07-25,302.020,302.500,298.220,300.270,37713944
2022-07-26,298.530,298.770,293.540,294.370,44563035
2022-07-27,299.040,308.530,298.460,306.810,64016456
2022-07-28,306.590,310.396,302.745,309.810,50995023
2022-07-29,311.385,316.390,309.940,315.460,55051323
2022-08-01,313.650,318.800,312.540,315.270,44676445
2022-08-02,312.920,318.545,311.840,314.330,46598551
2022-08-03,316.050,323.729,315.990,322.890,51446053
2022-08-04,322.970,324.720,320.770,324.400,37130762
2022-08-05,319.190,323.830,318.390,321.750,50943861
2022-08-08,322.690,326.470,319.220,320.710,43113415
2022-08-09,318.770,319.030,315.420,317.080,38092637
2022-08-10,324.590,326.230,322.065,325.930,47969976
2022-08-11,328.305,330.354,323.360,324.080,44176524
2022-08-12,326.175,330.580,325.100,330.390,37418194
2022-08-15,329.420,333.560,329.500,333.060,37350046
2022-08-16,332.055,334.421,329.180,332.280,39860513
2022-08-17,329.070,331.430,326.360,328.490,45576765
2022-08-18,328.440,330.490,326.790,329.280,37618906
2022-08-19,326.170,326.840,322.080,322.860,48568503
2022-08-22,318.500,318.740,313.530,314.360,48627270
2022-08-23,314.120,317.000,313.330,314.100,37354228
2022-08-24,313.610,316.870,313.000,315.010,35939537
2022-08-25,316.830,320.600,315.758,320.580,35101023
2022-08-26,320.280,321.500,307.350,307.440,63332240
2022-09-13,301.800,303.000,292.785,293.700,76273277
2022-09-14,294.865,296.925,293.060,296.030,52029557
2022-09-15,294.070,296.530,289.460,291.100,61633896
2022-09-16,287.720,289.720,285.620,289.320,71940259
2022-09-19,286.100,291.205,286.040,291.050,49881959
2022-09-20,288.490,291.070,286.380,288.730,49528281
2022-09-21,289.590,293.950,283.420,283.560,78962232
2022-09-22,282.000,283.030,278.815,280.070,59931232
2022-09-23,277.550,277.820,272.020,275.510,69767421
2022-09-26,275.030,279.486,273.570,274.370,66895747
2022-09-27,275.030,280.200,272.110,274.480,67047511
2022-09-28,274.460,281.250,272.945,279.940,74037543
2022-09-29,275.860,276.250,268.840,271.870,76515999
2022-09-30,271.030,275.190,267.100,267.260,72431828
2022-10-03,269.070,275.160,267.540,273.530,55635381
2022-10-04,278.990,282.850,279.030,282.130,62191470
2022-10-05,278.280,283.645,275.500,281.980,52444555
2022-10-06,280.960,284.170,279.430,279.760,51363052
2022-10-07,275.020,275.150,267.740,269.100,65111066
2022-10-10,269.300,269.700,263.640,266.410,56742228
2022-10-11,264.700,267.630,261.030,262.750,63018637
2022-10-12,263.400,265.350,261.960,262.660,47636105
2022-10-13,255.160,270.170,254.260,268.820,109590806
2022-10-14,271.200,271.810,260.140,260.740,72503671
2022-10-17,266.840,270.240,266.780,269.350,59118773
2022-10-18,276.530,277.201,268.740,271.480,64779243
2022-10-19,269.930,273.680,268.070,270.490,49544454
2022-10-20,269.580,274.840,267.920,269.110,56920937
2022-10-21,269.580,275.969,266.824,275.420,73097185
2022-10-24,275.690,279.400,271.970,278.450,61252181
2022-10-25,275.690,284.600,277.900,284.210,52108032
2022-10-26,278.460,283.975,277.430,277.930,59020954
2022-10-27,276.790,278.280,272.340,272.870,49291467
2022-10-28,272.230,281.698,272.070,281.220,60311056
2022-10-31,278.920,279.750,276.000,277.950,45462806
2022-11-01,281.495,282.070,274.740,275.110,43951253
2022-11-02,275.080,278.200,265.620,265.680,74390765
2022-11-03,263.010,264.500,260.100,260.490,65584236
2022-11-04,265.530,266.610,259.090,264.680,74960881
2022-11-07,265.750,268.140,263.570,267.590,45103419
2022-11-08,269.140,272.850,265.520,269.540,60656915
2022-11-09,267.760,268.560,263.030,263.320,61089970
2022-11-10,276.010,283.050,273.850,282.750,93717435
2022-11-11,282.560,288.640,281.190,287.960,62786051
2022-11-14,285.860,289.215,284.440,285.440,49866971
2022-12-23,265.470,268.040,263.530,267.360,37388591
2022-12-26,265.470,268.040,263.530,267.360,39335900
2022-12-27,266.740,266.850,263.035,263.580,36492604
2022-12-30,263.620,266.410,262.290,266.280,35822203
2023-01-02,263.620,266.410,262.290,266.280,37796100
2023-01-03,268.650,270.155,262.140,264.480,39305264
2023-01-04,266.640,267.450,262.530,265.740,45144386
2023-01-05,264.040,264.210,261.260,261.580,41429051
2023-01-06,263.350,269.930,260.340,268.800,50787308
2023-01-09,270.830,275.290,269.920,270.540,43905970
2023-01-10,269.490,272.940,268.970,272.830,33864907
2023-01-11,273.920,277.650,273.120,277.550,41732912
2023-01-12,278.120,280.090,273.740,279.050,59093651
2023-01-13,276.500,281.211,276.170,280.970,41780270
2023-01-16,276.500,281.220,276.160,280.970,44707500
2023-01-17,280.770,282.840,279.590,281.540,33703413
2023-01-18,283.110,284.690,277.670,277.880,45005305
2023-01-19,276.220,277.375,273.890,275.150,41421421
2023-01-20,276.790,283.020,275.750,282.680,57966120
2023-01-23,283.540,290.210,282.730,288.960,49711460
2023-01-24,287.310,289.540,286.780,288.370,37436125
2023-01-25,283.770,288.355,281.190,287.730,46518219
2023-01-26,291.220,293.520,288.530,293.340,46579954
2023-01-27,292.000,298.260,291.890,296.260,50720627
2023-01-30,292.930,294.380,289.890,290.270,46820287
2023-01-31,290.310,294.720,290.200,294.620,43921863
2023-02-01,294.410,303.430,292.300,300.920,62219745
2023-02-02,307.570,313.680,306.730,311.720,73147940
2023-02-03,304.940,312.389,304.550,306.180,73026922
2023-02-06,303.510,305.900,302.220,303.590,38476387
2023-02-07,303.460,311.030,302.320,309.880,64936676
2023-02-08,308.540,309.500,303.670,304.370,54309395
2023-02-09,308.840,308.980,300.200,301.680,47416517
2023-02-10,299.480,301.570,297.250,299.700,48333838
2023-02-13,301.130,305.100,299.940,304.500,37351383
2023-02-14,302.890,307.720,300.910,306.750,61774274
2023-02-15,304.900,309.270,304.200,309.100,41204130
2023-02-16,304.380,308.430,303.160,303.300,56089814
2023-02-17,301.070,301.930,298.100,301.160,54206365
2023-02-20,301.070,301.930,298.100,301.160,57071900
2023-02-21,297.260,298.730,293.890,294.030,43704218
2023-02-22,294.620,296.350,292.560,294.250,48208353
2023-02-23,297.970,298.130,292.560,296.820,66432373
2023-02-24,291.760,292.960,290.050,291.850,72283773
2023-02-27,295.070,296.490,293.340,293.940,45789777
2023-02-28,293.300,296.120,292.960,293.560,45984223
2023-03-01,293.260,293.920,290.200,291.200,56497936
2023-03-02,288.660,294.430,288.380,293.610,52001352
2023-03-03,295.390,299.920,294.870,299.680,56822827
2023-03-06,300.940,303.990,299.820,300.020,53016549
2023-03-07,300.070,301.009,295.720,296.340,64119784
2023-03-08,296.770,298.429,294.880,297.820,49124345
2023-03-09,298.330,300.980,291.830,292.660,67620829
2023-03-10,292.830,294.350,287.380,288.550,94413658
2023-03-13,286.730,294.469,285.190,290.690,95523680
2023-03-14,294.310,297.930,293.460,297.370,71354497
2023-03-15,294.710,299.270,293.250,298.930,80578617
2023-03-16,298.000,307.170,297.215,306.810,90133068
2023-03-17,306.720,309.150,303.370,305.360,81021753
2023-03-20,304.260,306.290,302.010,305.970,53537565
2023-03-21,307.940,310.800,306.400,310.340,46623923
2023-03-22,310.270,315.240,305.950,306.120,71621554
2023-03-23,309.920,314.150,307.010,309.750,71566022
2023-03-24,309.320,310.990,306.950,310.890,55825670
2023-03-27,311.600,312.690,307.890,308.760,48656742
2023-03-28,308.170,308.180,304.774,307.120,44610616
2023-03-29,310.880,313.350,310.050,312.720,50239933
2023-03-30,315.240,316.320,312.809,315.680,54357644
2023-03-31,315.910,321.160,315.620,320.930,57824569
2023-04-03,318.770,320.420,317.421,320.150,44586165
2023-04-04,320.600,321.620,317.830,319.070,42587679
2023-04-05,318.100,319.060,314.070,315.920,61567788
2023-04-06,314.240,318.550,312.820,318.050,44673258
2023-04-07,314.240,318.550,312.820,318.050,46916500
2023-04-10,315.070,317.920,313.250,317.870,41479336
2023-04-11,317.830,317.890,315.310,315.830,37245050
2023-04-12,317.820,318.420,312.565,313.040,59422848
2023-04-13,314.830,319.650,314.640,319.170,50044138
2023-04-14,317.590,320.360,315.620,318.570,54092805
2023-04-17,318.150,319.185,316.070,318.840,40358633
2023-04-18,320.990,321.420,317.640,318.860,43167334
2023-04-19,316.410,319.780,316.300,318.710,37372556
2023-04-20,315.690,319.270,314.970,316.280,58507816
2023-04-21,315.910,317.400,314.100,316.610,56890299
2023-04-24,316.380,317.739,313.740,315.950,42606802
2023-04-25,314.290,314.970,309.890,309.990,50129376
2023-04-26,313.440,314.930,311.340,311.870,51927926
2023-04-27,315.700,320.860,315.050,320.350,58126189
2023-04-28,320.110,322.650,318.970,322.560,57149517
2023-05-01,322.090,323.630,321.100,322.190,39169157
2023-05-02,322.120,322.440,317.610,319.380,54125800
2023-05-03,319.750,322.470,317.180,317.290,56452815
2023-05-04,317.060,318.230,315.120,316.170,47491104
2023-05-05,318.470,323.760,316.212,322.890,48240269
2023-05-08,322.420,324.040,321.315,323.690,34177065
2023-05-09,322.000,322.875,321.320,321.640,30513379
2023-05-10,324.120,326.010,321.605,325.140,59309962
2023-05-11,325.700,326.750,324.120,326.200,41954129
2023-05-12,326.740,327.170,322.940,325.030,41181689
2023-05-15,325.510,327.030,323.960,326.790,32304727
2023-05-16,326.060,328.902,326.020,327.160,38972420
2023-05-17,328.240,331.710,327.050,331.120,45513698
2023-05-18,331.520,337.485,331.510,337.270,61648168
2023-05-19,337.490,338.205,335.435,336.510,56618575
2023-05-22,336.250,338.670,336.240,337.640,39894551
2023-05-23,335.890,337.060,333.000,333.360,46468577
2023-05-24,331.370,332.905,329.560,331.650,55802259
2023-05-25,339.140,341.010,336.665,339.720,65026125
2023-05-26,340.760,349.240,340.670,348.400,59451603
2023-05-29,340.760,349.250,340.660,348.400,62830800
2023-05-30,352.710,353.930,348.530,349.980,70156400
2023-05-31,348.370,350.530,346.510,347.990,62463109
2023-06-01,347.730,353.360,346.660,352.010,48174639
2023-06-02,353.800,355.830,352.020,354.650,49181592
2023-06-05,354.430,357.495,353.850,354.900,45007528
2023-06-06,354.280,355.810,352.930,354.840,39533513
2023-06-07,355.130,357.120,348.180,348.820,65388129
2023-06-08,349.120,353.620,348.900,353.150,44560609
2023-06-09,354.630,357.660,353.030,354.500,50583304
2023-06-12,356.190,360.590,355.205,360.490,38881621
2023-06-13,363.290,364.100,360.030,363.260,54149492
2023-06-14,363.270,366.190,360.430,365.900,66738239
2023-06-15,364.610,371.770,363.980,370.260,66515145
2023-06-16,372.720,372.810,367.480,367.930,74654197
2023-06-19,372.720,372.850,367.480,367.930,80875900
2023-06-20,365.950,368.320,363.890,366.900,45101884
2023-06-21,365.740,366.180,360.960,361.900,51373670
2023-06-22,360.630,366.320,360.230,366.170,45820707
2023-06-23,362.210,364.880,360.830,362.540,45501067
2023-06-26,362.000,364.840,357.600,357.680,49120736
2023-06-27,359.250,364.570,358.511,363.830,45198920
2023-06-28,361.980,366.520,361.904,364.540,44275950
2023-06-29,364.240,364.880,362.140,363.810,44481937
2023-06-30,367.550,370.490,367.230,369.420,54773317
2023-07-03,370.070,370.930,368.970,370.290,19380580
2023-07-04,370.070,370.930,368.970,370.290,19432900
2023-07-05,368.695,372.010,368.660,370.280,33340626
2023-07-06,366.510,367.910,364.520,367.460,47123097
2023-07-10,365.960,367.050,363.410,366.360,44750861
2023-07-11,366.790,368.632,364.620,368.170,36562155
2023-07-12,372.340,374.190,370.300,372.820,59462589
2023-07-13,376.050,379.990,375.460,379.150,45069354
2023-07-14,379.585,382.860,378.180,379.070,51019431
2023-07-17,379.800,383.495,379.310,382.610,38054964
2023-07-18,381.960,387.130,380.000,385.740,52628961
2023-07-19,386.820,387.980,384.300,385.650,51424172
2023-07-20,382.610,384.090,375.722,376.760,66958823
2023-07-21,379.180,379.920,375.220,375.630,56987230
2023-07-24,376.620,377.580,374.340,376.230,37344281
2023-07-25,376.950,380.469,376.940,378.780,34190415
2023-07-26,377.720,379.240,375.180,377.520,45358096
2023-07-27,383.070,384.710,375.310,376.620,61662876
2023-07-28,380.740,384.520,380.220,383.480,54571356
2023-07-31,383.790,384.875,382.340,383.680,41769129
2023-08-01,382.310,383.560,380.690,382.790,36613008
2023-08-02,379.260,379.230,373.130,374.390,68565331
2023-08-03,371.940,375.950,371.770,373.790,43280555
2023-08-04,375.750,378.100,371.530,372.040,59149789
2023-08-07,373.880,375.290,371.510,375.190,36360988
2023-08-08,372.640,372.600,368.820,372.000,43726045
2023-08-09,372.290,372.450,367.150,367.910,48636993
2023-08-10,370.970,374.360,367.040,368.590,70532447
2023-08-11,365.990,368.000,364.690,366.240,47208294
2023-08-14,365.430,370.470,364.700,370.350,39746136
2023-08-15,369.360,370.169,365.740,366.420,43310921
2023-08-16,365.870,367.430,362.440,362.540,49514726
2023-08-17,363.960,364.310,358.160,358.580,59086158
2023-08-18,355.260,359.410,354.710,358.130,59439002
2023-08-21,359.620,364.590,359.150,363.900,46090881
2023-08-22,366.550,366.550,362.680,363.380,41318524
2023-08-23,364.580,370.220,364.370,369.110,43174875
2023-08-24,372.640,372.730,361.010,361.220,63401389
2023-08-25,362.070,365.735,358.580,364.020,67445632
2023-08-28,366.990,367.710,364.250,366.760,39767165
2023-09-11,375.660,377.490,373.660,376.970,37250246
2023-09-12,375.270,376.952,372.500,372.790,38184288
2023-09-13,373.030,375.830,371.880,374.210,44213841
2023-09-14,375.990,378.270,373.890,377.270,44053478
2023-09-15,375.910,376.320,369.860,370.810,65905051
2023-09-18,369.320,371.790,369.030,370.660,34881324
2023-09-19,369.320,370.683,366.800,369.870,36451389
2023-09-20,370.950,371.310,364.460,364.540,43244186
2023-09-21,360.800,361.600,357.690,357.860,66214371
2023-09-22,359.630,361.800,357.590,357.910,48748586
2023-09-25,356.930,359.700,355.930,359.610,37180439
2023-09-26,356.990,357.540,353.210,354.210,51302981
2023-09-27,355.380,356.980,351.370,355.040,53960493
2023-09-28,354.110,360.170,353.250,358.010,52708769
2023-09-29,361.540,362.948,357.020,358.270,62121092
2023-10-02,358.540,362.680,357.930,361.260,49135264
2023-10-03,358.780,361.010,353.275,354.920,58121665
2023-10-04,355.770,360.610,355.300,359.750,51495474
2023-10-05,359.740,360.150,355.180,358.690,43118017
2023-10-06,355.650,365.910,354.850,364.700,71978394
2023-10-09,362.300,367.108,360.790,366.560,44161187
2023-10-10,366.900,371.280,366.390,368.590,44920590
2023-10-11,369.940,371.412,368.190,371.220,36703646
2023-10-12,371.730,373.740,367.500,369.930,47848828
2023-10-13,370.570,371.150,363.870,365.280,50124601
2023-10-16,366.620,370.480,366.470,369.410,41556429
2023-10-17,365.810,369.920,363.660,368.200,48964911
2023-10-18,365.670,367.910,362.020,363.370,51735979
2023-10-19,364.810,366.020,359.170,359.970,68878678
2023-10-20,359.460,360.040,354.370,354.600,69086882
2023-10-23,353.260,359.260,351.120,355.670,59018116
2023-10-24,357.510,359.910,355.790,359.130,41973953
2023-10-25,356.700,356.880,349.752,350.340,63472012
2023-10-26,349.120,350.070,342.350,343.660,74265327
2023-10-27,346.430,348.840,344.080,345.310,62166893
2023-10-30,347.830,350.540,346.450,349.200,52280918
2023-10-31,349.230,351.250,346.630,350.870,45686845
2023-11-01,351.720,357.530,351.625,356.960,57078019
2023-11-02,361.540,363.680,360.300,363.440,53571109
2023-11-03,364.750,369.020,364.520,367.710,49609767
2023-11-06,368.490,369.780,366.910,369.210,37562847
2023-11-07,370.270,373.580,369.045,372.700,48183593
2023-11-08,373.080,373.780,370.620,372.940,34068988
2023-11-09,373.640,374.800,369.570,370.070,52019031
2023-11-10,371.820,378.540,371.280,378.390,54590635
2023-11-13,376.790,378.270,375.240,377.210,39588643
2023-11-14,383.710,386.258,383.180,385.330,64748472
2023-11-15,387.250,387.740,384.235,385.620,50646719
2023-11-16,384.840,386.190,383.560,385.950,43659171
2023-11-17,385.210,387.070,384.290,386.040,42037149
2023-11-20,386.050,391.410,386.060,390.740,42670706
2023-11-21,389.010,389.230,386.700,388.470,41346902
2023-11-22,390.570,393.070,389.050,390.060,42204645
2023-11-23,390.570,393.070,389.040,390.060,44121000
2023-11-24,389.650,390.240,388.500,389.510,15613648
2023-11-27,389.010,391.150,388.280,389.170,33224204
2023-11-28,388.410,390.780,388.050,390.190,34074222
2023-11-29,392.690,394.140,389.460,389.810,36685002
2023-11-30,390.080,390.550,385.820,388.830,48836126
2023-12-01,387.750,390.540,386.075,389.940,38976579
2023-12-04,386.090,386.595,382.660,386.320,49563104
2023-12-05,384.390,388.500,384.210,387.290,40547107
2023-12-06,390.270,390.370,384.700,385.050,39652823
2023-12-07,388.070,391.270,386.970,390.430,45402765
2023-12-08,388.670,392.620,388.490,392.170,44027457
2023-12-11,391.740,395.790,391.530,395.520,39389432
2023-12-12,395.560,398.790,394.410,398.670,36166146
2023-12-13,399.620,404.360,398.840,403.740,51001763
2023-12-14,404.980,406.300,400.340,403.390,53058190
2023-12-15,404.180,406.540,403.580,405.340,59770146
2023-12-18,404.930,407.990,404.620,407.080,44053193
2023-12-19,407.540,409.280,407.345,409.160,33240729
2023-12-20,408.350,410.470,402.900,403.080,50371135
2023-12-21,407.060,408.140,404.470,407.770,42506404
2023-12-22,409.000,409.970,406.479,408.380,31055763
2023-12-25,409.000,409.970,406.480,408.380,34292400
2023-12-26,409.250,411.560,409.150,410.880,19975991
2023-12-27,410.950,411.788,410.080,411.505,31057332
2023-12-28,412.670,412.920,410.940,411.300,24924676
2023-12-29,411.280,411.640,407.580,409.520,37697577
2024-01-01,411.280,411.640,407.580,409.520,42633400
2024-01-02,405.840,406.090,400.240,402.590,54160020
2024-01-03,399.930,401.000,397.890,398.330,45702639
2024-01-04,396.440,399.590,396.060,396.280,37185222
2024-01-05,396.450,399.560,395.350,396.750,43525462
2024-01-08,397.990,405.240,397.840,404.950,38950102
2024-01-09,401.910,406.690,401.715,405.750,37812007
2024-01-10,406.070,409.515,405.170,408.500,32238788
2024-01-11,409.790,411.200,404.242,409.350,49321008
2024-01-12,410.400,411.250,408.150,409.560,34884512
2024-01-15,410.400,411.250,408.150,409.560,39581400
2024-01-16,408.310,411.120,406.835,409.520,42636208
2024-01-17,406.170,407.585,402.920,407.210,52591993
2024-01-18,410.520,413.570,409.160,412.990,57432838
2024-01-19,415.220,421.340,414.625,421.180,66313065
2024-01-22,423.410,424.728,421.120,421.730,43072921
2024-01-23,422.430,423.700,420.570,423.480,30226449
2024-01-24,427.440,429.850,425.330,425.830,44875833
2024-01-25,428.360,429.040,423.980,426.350,42263184
2024-01-26,424.440,426.210,423.150,423.810,35416780
2024-01-29,424.270,428.350,423.620,428.150,36708735
2024-01-30,427.100,427.680,424.380,425.300,32039254
2024-01-31,420.850,422.870,416.795,416.970,62012191
2024-02-01,418.790,422.375,417.820,421.880,44923697
2024-02-02,423.800,430.240,422.790,429.010,55635299
2024-02-05,429.070,429.610,425.000,428.450,38795044
2024-02-06,429.610,430.220,425.220,427.590,34353852
2024-02-07,430.410,432.830,429.090,431.990,36702420
2024-02-08,432.110,433.560,431.430,432.790,28690782
2024-02-09,433.940,437.845,433.140,437.050,35671739
2024-02-12,436.940,439.140,434.655,435.340,31426834
2024-02-13,427.280,431.267,425.331,428.550,62234191
2024-02-14,431.260,433.640,428.880,433.220,42744082
2024-02-15,431.260,434.980,431.330,434.510,36954041
2024-02-16,433.920,434.990,429.850,430.570,50097909
2024-02-19,434.890,434.990,429.850,430.570,53661500
2024-02-20,434.890,430.040,423.510,427.320,50354883
2024-02-21,428.550,425.700,421.630,425.610,44287171
2024-02-22,434.490,439.118,433.710,438.070,50785140
2024-02-23,439.650,440.590,435.800,436.780,37148487
2024-02-26,437.600,438.600,436.355,436.550,31709097
2024-02-27,437.670,437.990,435.025,437.600,32680979
2024-02-28,435.430,436.670,434.300,435.270,30175275
2024-02-29,438.230,440.090,435.020,439.000,40599931
2024-03-01,439.870,446.570,439.850,445.610,41192099
2024-03-04,445.610,446.040,443.770,444.020,32857097
2024-03-05,440.940,440.940,433.650,436.050,53432566
2024-03-06,440.320,441.990,436.890,438.790,44220823
2024-03-07,442.420,446.720,440.860,445.450,40251697
2024-03-08,445.810,448.640,438.340,439.020,69610578
2024-03-11,437.510,438.660,435.440,437.380,43157474
2024-03-12,439.730,444.020,436.460,443.660,53159170
2024-03-13,442.650,442.630,439.130,440.250,36784750
2024-03-14,441.460,442.030,436.390,439.140,50141754
2024-03-15,436.160,438.873,432.742,433.920,66710014
2024-03-18,438.740,441.040,437.240,437.480,43872647
2024-03-19,435.470,438.980,433.330,438.570,40925591
2024-03-20,439.900,444.110,438.061,443.770,39855643
2024-03-21,448.888,449.340,445.670,445.870,38005365
2024-03-22,445.370,447.490,444.500,446.380,26065352
2024-03-25,443.420,446.260,442.540,444.760,26717046
2024-03-26,446.280,447.225,443.100,443.320,31124407
2024-03-27,446.440,446.540,441.930,444.830,37546519
2024-03-28,444.810,445.640,443.650,444.010,34199686
2024-03-29,444.780,445.640,443.650,444.010,36839600
2024-04-01,444.960,447.530,443.020,444.950,37302264
2024-04-02,440.070,441.430,438.030,441.110,42662167
2024-04-03,438.970,444.000,438.960,442.100,38856810
2024-04-04,446.350,446.950,435.110,435.340,54918517
2024-04-05,436.840,443.170,435.960,440.470,52751582
2024-04-08,441.420,442.500,439.200,440.600,27095399
2024-04-09,443.030,443.240,437.440,442.230,37722855
2024-04-10,436.840,439.240,436.280,438.370,59322885
2024-04-11,440.250,446.330,437.960,445.370,44137637
2024-04-12,441.130,442.230,436.880,438.270,51059114
2024-04-15,442.070,442.090,430.210,431.060,60316723
2024-04-16,430.890,433.760,429.700,431.100,46026438
2024-04-17,433.090,433.100,424.909,425.840,53574231
2024-04-18,426.410,428.240,422.830,423.410,44498000
2024-04-19,422.120,422.750,413.070,414.650,72861417
2024-04-22,417.320,421.180,413.940,418.820,45519125
2024-04-23,420.910,426.280,418.871,425.100,40271954
2024-04-24,428.180,429.730,424.200,426.510,42578561
2024-04-25,419.240,425.320,418.140,424.450,50960751
2024-04-26,427.630,432.550,426.920,431.000,40608966
2024-04-29,433.100,433.760,429.980,432.750,28811019
2024-04-30,431.150,432.560,424.510,424.590,39767616
2024-05-01,423.140,430.140,420.660,421.515,49046788
2024-05-02,425.280,427.810,420.630,426.900,33901810
2024-05-03,434.420,436.470,432.740,435.430,46359558
2024-05-06,437.320,440.340,436.520,440.250,28756858
2024-05-07,440.720,441.970,439.580,440.320,29551157
2024-05-08,437.740,441.470,437.560,440.060,23130811
2024-05-09,440.330,441.600,438.460,441.020,23818390
2024-05-10,442.560,444.310,440.499,442.060,25924371
2024-05-13,443.990,444.060,441.650,443.080,21675747
2024-05-14,442.610,446.465,442.460,445.930,32709741
2024-05-15,448.440,453.150,446.900,452.900,39641101
2024-05-16,452.690,454.690,451.810,451.980,33581431
2024-05-17,452.090,452.720,449.540,451.750,34696396
2024-05-20,451.990,455.580,451.785,454.910,22554952
2024-05-21,453.040,455.980,452.840,455.800,21645784
2024-05-22,456.060,456.810,453.080,455.710,21784439
2024-05-23,460.550,460.580,451.850,453.660,38203214
2024-05-24,455.290,459.230,453.567,457.950,26827392
2024-05-27,455.290,459.230,453.570,457.950,29651000
2024-05-28,459.150,459.730,456.690,459.680,24765246
2024-05-29,455.450,458.240,455.360,456.440,26951158
2024-05-30,455.420,455.640,450.210,451.550,27431597
2024-05-31,451.780,452.480,443.055,451.530,51527236
2024-06-03,454.570,455.580,447.900,453.130,31835350
2024-06-04,452.870,455.575,451.131,454.370,22440399
2024-06-05,458.018,463.610,454.408,463.530,31829871
2024-06-06,464.230,464.540,462.190,463.250,20575012
2024-06-07,462.960,465.740,461.840,462.960,23388486
2024-06-10,461.860,465.190,461.530,464.830,19985764
2024-06-11,463.520,468.140,462.030,468.020,20991959
2024-06-12,471.960,476.500,471.300,474.150,31990645
2024-06-13,477.680,478.390,474.420,476.720,24473591
2024-06-14,476.520,479.260,476.050,479.190,22232247
2024-06-17,479.410,486.860,478.140,485.060,34669009
2024-06-18,485.060,485.900,483.430,485.210,22760811
2024-06-19,485.010,485.900,483.430,485.210,24438600
2024-06-20,486.420,486.839,479.640,481.470,31678393
2024-06-21,481.150,482.535,478.670,480.180,35430156
2024-06-24,478.180,479.920,473.820,473.960,34681666
2024-06-25,476.030,479.680,475.120,479.380,25455033
2024-06-26,478.528,480.910,478.130,480.370,20400524
2024-06-27,480.130,483.090,479.300,481.610,23339993
2024-06-28,482.400,487.190,478.461,479.110,32856493
2024-07-01,480.030,482.490,476.255,481.920,23834990
2024-07-02,480.380,487.030,480.280,486.980,23487414
2024-07-03,486.310,491.170,486.230,491.040,17919982
2024-07-04,486.220,491.170,486.220,491.040,18064900
2024-07-05,491.910,496.600,491.590,496.160,26820253
2024-07-08,496.560,497.895,495.500,497.340,20901916
2024-07-09,498.870,500.000,496.240,497.770,23792402
2024-07-10,499.710,503.520,498.390,502.960,25274575
2024-07-11,503.060,503.280,490.725,491.930,47761213
2024-07-12,492.500,499.619,492.040,494.890,33168000
2024-07-15,496.630,501.010,494.090,496.150,30142037
2024-07-16,497.690,498.440,493.150,496.340,24326743
2024-07-17,488.240,488.798,481.700,481.770,51645913
2024-07-18,485.490,485.700,476.280,479.350,46000022
2024-07-19,479.030,481.680,473.940,475.240,39187545
2024-07-22,481.120,483.350,477.707,482.320,35920411
2024-07-23,481.410,484.430,480.150,480.620,21344515
2024-07-24,473.810,474.190,462.510,463.380,54028795
2024-07-25,463.720,467.930,455.630,458.270,55784251
2024-07-26,462.670,465.920,459.780,462.970,38798903
2024-07-29,465.710,467.910,461.615,463.900,26925464
2024-07-30,465.850,466.561,454.150,457.530,35134595
2024-07-31,467.920,472.790,466.410,471.070,42045485
2024-08-01,471.730,475.550,455.980,459.660,51651137
2024-08-02,450.900,453.565,444.500,448.750,63757668
2024-08-05,424.680,442.290,423.450,435.370,83607406
2024-08-06,437.230,447.070,434.560,439.530,57362906
2024-08-07,446.660,449.000,434.370,434.770,52547101
2024-08-08,441.150,448.980,437.150,448.070,44706977
2024-08-09,446.850,452.060,445.630,450.410,32518023
2024-08-12,451.350,454.370,448.555,451.380,26361001
2024-08-13,455.830,462.840,455.700,462.580,36286184
2024-08-14,463.500,465.109,458.400,462.730,33679990
2024-08-15,468.810,474.820,468.380,474.420,36071177
2024-08-16,472.720,476.410,471.661,475.030,33497244
2024-08-19,475.120,481.310,473.370,481.270,21681614
2024-08-20,480.350,482.940,478.550,480.260,27528830
2024-08-21,481.000,484.360,479.320,482.500,24320991
2024-08-22,484.830,485.520,473.810,474.850,35522622
2024-08-23,479.250,482.730,475.280,480.000,34821394
2024-08-26,479.580,480.380,473.240,475.340,26285796
2024-08-27,473.750,477.830,471.710,476.760,25684568
2024-08-28,476.290,477.020,467.910,471.350,32774981
2024-08-29,473.280,477.930,469.372,470.660,39148565
2024-08-30,475.060,476.900,470.510,476.270,32253481
2024-09-02,475.040,476.900,470.510,476.270,33444000
2024-09-03,473.170,473.300,459.410,461.810,42440104
2024-09-04,458.710,464.450,457.770,460.610,31203995
2024-09-05,458.975,465.360,457.939,461.040,31611564
2024-09-06,460.400,461.220,448.190,448.690,48700557
2024-09-09,453.120,455.460,449.823,454.460,31362796
2024-09-10,456.320,459.170,452.230,458.660,28461288
2024-09-11,456.320,469.370,451.280,468.350,54508275
2024-09-12,468.620,474.040,466.849,473.220,38224339
2024-09-13,472.457,476.530,472.250,475.340,27843990
2024-09-16,473.245,473.860,469.890,473.240,20951981
2024-09-17,476.300,477.600,470.980,472.620,25431055
2024-09-18,474.630,478.800,470.830,471.440,37378855
2024-09-19,482.625,486.230,480.490,483.360,49569993
2024-09-20,482.460,483.690,478.300,482.440,31635725
2024-09-23,482.930,484.140,481.600,483.040,20762165
2024-09-24,484.460,486.330,480.170,485.370,24631353
2024-09-25,484.885,487.790,484.560,485.820,23816042
2024-09-26,493.395,493.700,485.800,489.470,29975712
2024-09-27,490.500,490.640,485.570,486.770,21589713
2024-09-30,485.770,488.410,482.930,488.070,28231414
2024-10-01,487.830,488.000,477.400,481.270,40451952
2024-10-02,480.362,483.880,477.740,481.950,21910045
2024-10-03,479.860,484.545,478.990,481.590,23748368
2024-10-04,487.510,487.870,482.385,487.320,27617764
2024-10-07,485.420,486.570,480.870,482.100,22774537
2024-10-08,484.660,489.990,483.845,489.300,26134535
2024-10-09,489.050,493.730,487.960,493.150,23558029
2024-10-10,490.870,494.450,489.530,492.590,24309163
2024-10-11,490.740,494.380,490.170,493.360,18833346
2024-10-14,495.760,498.830,495.260,497.500,25138057
2024-10-15,497.830,498.500,488.720,490.810,33000622
2024-10-16,491.110,491.690,487.570,490.910,21223868
2024-10-17,496.360,496.490,491.190,491.250,25699878
2024-10-18,494.050,495.570,493.300,494.470,24640959
2024-10-21,493.260,496.230,491.310,495.470,27125108
2024-10-22,492.740,497.445,491.970,496.580,23568244
2024-10-23,493.580,494.240,485.050,488.360,36120578
2024-10-24,492.130,493.000,489.440,492.320,19941530
2024-10-25,495.160,500.280,494.430,495.320,36338680
2024-10-28,498.460,498.515,495.100,495.400,19466253
2024-10-29,495.740,501.349,493.850,500.160,24878601
2024-10-30,499.350,500.350,495.890,496.380,26570059
2024-10-31,492.380,492.430,483.750,483.850,38404123
