2022-05-10,32.715,33.080,30.280,31.570,230956087
2022-05-11,30.850,32.600,28.470,28.760,261552578
2022-05-12,27.430,29.890,26.690,28.530,295496474
2022-05-13,29.850,32.000,29.380,31.630,196747992
2022-05-18,31.460,31.690,27.690,28.150,160545042
2022-05-19,27.540,29.020,27.040,27.580,193771298
2022-05-20,28.650,28.840,24.930,27.340,226147110
2022-05-24,27.145,27.360,25.429,26.900,180343658
2022-05-26,27.760,30.780,27.680,30.320,165911190
2022-05-27,31.295,33.339,31.270,33.290,155019031
2022-05-30,31.300,33.340,31.270,33.290,157121900
2022-05-31,33.300,34.000,31.731,33.050,182412236
2022-06-01,33.710,34.430,31.550,32.280,197833678
2022-06-02,31.920,34.980,31.450,34.900,166028078
2022-06-06,33.615,34.130,32.000,32.540,149348505
2022-06-07,31.420,33.595,31.050,33.330,136097138
2022-06-08,33.075,33.940,32.331,32.650,111951495
2022-06-09,32.070,33.060,29.932,29.990,135254905
2022-06-14,23.640,23.869,22.520,23.230,193461797
2022-06-15,24.060,25.920,23.340,24.900,270093711
2022-06-16,22.990,23.120,21.320,21.860,208210132
2022-06-17,22.070,23.280,21.660,22.670,215762207
2022-06-20,22.070,23.280,21.650,22.670,220134700
2022-07-05,23.410,25.680,23.000,25.650,219338100
2022-07-06,25.770,26.720,25.280,26.140,204285030
2022-07-07,26.380,28.000,26.370,27.760,136087327
2022-07-08,26.990,28.310,26.710,27.890,158848208
2022-07-11,27.200,27.270,25.860,26.110,127337168
2022-07-12,26.440,26.980,24.910,25.350,157064428
2022-07-13,23.840,25.830,23.690,25.190,178299925
2022-07-14,24.465,25.680,23.620,25.450,173643184
2022-07-15,26.270,26.850,25.815,26.790,152665796
2022-07-18,27.610,28.000,25.820,26.170,157995299
2022-07-19,27.150,28.620,26.691,28.460,145113969
2022-07-20,28.660,30.250,28.440,29.890,185131462
2022-07-21,30.010,31.170,29.220,31.160,156302098
2022-07-22,ERROR-1
2022-07-25,29.530,29.670,28.410,29.090,108682023
2022-07-26,28.490,28.570,27.050,27.330,108194020
2022-07-27,28.600,31.250,28.430,30.740,166940733
2022-07-28,30.675,31.820,29.520,31.620,153645790
2022-07-29,32.130,33.650,31.675,33.360,142489364
2022-08-01,32.780,34.420,32.440,33.310,141064733
2022-08-02,32.540,34.350,32.210,33.000,161318419
2022-08-03,33.550,35.945,33.310,35.640,145404949
2022-08-04,35.690,36.265,34.960,36.150,125295020
2022-08-05,34.430,35.980,34.150,35.290,140928765
2022-08-08,35.600,36.830,34.435,34.930,131636337
2022-08-09,34.280,34.360,33.190,33.730,107971022
2022-08-10,36.135,36.640,35.310,36.500,134276039
2022-08-11,37.330,38.020,35.670,35.950,135016770
2022-08-12,36.600,38.050,36.235,37.980,103361589
2022-08-15,37.650,39.080,37.660,38.890,97029076
2022-08-16,38.560,39.380,37.530,38.640,109161475
2022-08-17,37.510,38.328,36.550,37.300,130052563
2022-08-18,37.260,37.960,36.690,37.550,95260647
2022-08-19,36.480,36.700,35.065,35.350,110460342
2022-08-22,33.890,33.970,32.260,32.570,110663086
2022-08-23,32.431,33.350,32.200,32.460,108593312
2022-08-24,32.300,33.300,32.110,32.710,92148957
2022-08-25,33.280,34.440,32.940,34.430,109023222
2022-08-26,34.345,34.735,30.200,30.240,179606086
2022-09-13,28.240,28.610,25.560,25.840,191992022
2022-09-14,26.125,26.670,25.640,26.420,151931489
2022-09-15,25.880,26.550,24.650,25.090,192511917
2022-09-16,24.210,24.730,23.670,24.600,192937513
2022-09-19,23.940,25.230,23.930,25.190,148226847
2022-09-20,24.530,25.190,23.980,24.590,158671374
2022-09-21,24.810,25.915,23.230,23.240,288230256
2022-09-22,22.850,23.110,22.070,22.380,212162672
2022-09-23,21.795,21.860,20.450,21.310,275532297
2022-09-26,21.160,22.210,20.830,21.020,241022167
2022-09-27,21.815,22.350,20.500,21.040,266077133
2022-09-28,21.030,22.590,20.680,22.270,250983607
2022-09-29,21.305,21.390,19.620,20.390,265131120
2022-09-30,20.155,21.090,19.280,19.320,249565133
2022-10-03,19.705,21.010,19.360,20.660,219435909
2022-10-04,21.895,22.760,21.901,22.580,227192179
2022-10-05,21.665,22.960,21.010,22.580,224515313
2022-10-06,22.300,23.060,21.925,22.010,232510651
2022-10-07,20.880,20.910,19.160,19.500,247165043
2022-10-10,19.515,19.610,18.300,18.890,203686213
2022-10-11,18.520,19.140,17.740,18.140,261458464
2022-10-12,18.230,18.640,17.930,18.100,197754576
2022-10-13,16.515,19.620,16.325,19.310,410948521
2022-10-14,19.850,19.980,17.460,17.570,331310882
2022-10-17,18.805,19.500,18.800,19.300,222311461
2022-10-18,20.865,21.000,19.170,19.780,333086393
2022-10-19,19.410,20.240,19.010,19.540,249438663
2022-10-20,19.330,20.465,18.960,19.210,259426548
2022-10-21,18.980,20.690,18.725,20.570,309465981
2022-10-24,20.630,21.470,19.800,21.270,270839047
2022-10-25,21.475,22.640,21.480,22.550,221064793
2022-10-26,21.180,22.500,20.930,21.060,272817182
2022-10-27,20.790,21.120,19.770,19.900,234720656
2022-10-28,19.750,21.810,19.710,21.700,251401645
2022-10-31,21.175,21.365,20.490,20.950,207076399
2022-11-01,21.740,21.870,20.210,20.300,211635714
2022-11-02,20.280,20.975,18.185,18.200,323160210
2022-11-03,17.645,17.949,17.040,17.150,207117178
2022-11-04,18.130,18.350,16.850,17.950,378410870
2022-11-07,18.160,18.640,17.710,18.520,197707015
2022-11-08,18.850,19.620,18.090,18.920,291369447
2022-11-09,18.530,18.700,17.530,17.600,212321809
2022-11-10,20.150,21.540,19.700,21.450,320756848
2022-11-11,21.430,22.830,21.120,22.670,303589862
2022-11-14,22.170,22.960,21.820,22.070,210617482
2022-12-23,17.210,17.720,16.830,17.590,163302624
2022-12-26,17.210,17.720,16.830,17.590,164620900
2022-12-27,17.460,17.480,16.720,16.840,128837357
2022-12-30,16.760,17.300,16.500,17.300,147735511
2023-01-02,16.760,17.300,16.500,17.300,150368500
2023-01-03,17.740,18.039,16.470,16.910,177657466
2023-01-04,17.325,17.490,16.540,17.170,214725252
2023-01-05,16.810,16.849,16.280,16.360,177970991
2023-01-06,16.650,17.900,16.100,17.640,230953747
2023-01-09,18.080,18.960,17.893,18.010,183841280
2023-01-10,17.815,18.490,17.700,18.490,162300640
2023-01-11,18.685,19.435,18.520,19.410,147692720
2023-01-12,19.515,19.920,18.590,19.710,278915005
2023-01-13,19.170,20.166,19.100,20.100,157510684
2023-01-16,19.170,20.170,19.100,20.100,159365300
2023-01-17,20.060,20.510,19.810,20.210,137487191
2023-01-18,20.575,20.900,19.390,19.460,184319707
2023-01-19,19.070,19.310,18.580,18.850,163654329
2023-01-20,19.175,20.450,18.963,20.390,158892317
2023-01-23,20.550,22.000,20.380,21.730,192440481
2023-01-24,21.360,21.861,21.240,21.600,135495476
2023-01-25,20.560,21.586,19.980,21.440,213369878
2023-01-26,22.220,22.718,21.600,22.680,199924474
2023-01-27,22.360,23.815,22.331,23.330,185909493
2023-01-30,22.550,22.900,21.850,21.930,171681706
2023-01-31,21.940,22.920,21.900,22.910,155159223
2023-02-01,22.860,24.950,22.360,24.390,263806057
2023-02-02,25.955,27.450,25.750,26.910,255104737
2023-02-03,25.210,27.140,25.110,25.520,264999344
2023-02-06,24.845,25.450,24.520,24.870,159713452
2023-02-07,24.830,26.690,24.545,26.410,256030653
2023-02-08,26.050,26.300,24.810,24.990,179037540
2023-02-09,26.050,26.090,23.930,24.320,194322264
2023-02-10,23.760,24.260,23.220,23.820,182656535
2023-02-13,24.140,25.100,23.850,24.950,137763974
2023-02-14,24.535,25.739,24.052,25.490,253521274
2023-02-15,25.020,26.100,24.850,26.060,135803081
2023-02-16,24.830,25.870,24.530,24.570,189878779
2023-02-17,24.030,24.230,23.300,24.040,193308944
2023-02-20,24.030,24.230,23.300,24.040,194248100
2023-02-21,23.100,23.450,22.290,22.350,147059405
2023-02-22,22.450,22.850,21.980,22.370,162662693
2023-02-23,23.185,23.230,21.950,22.930,177394655
2023-02-24,21.750,22.030,21.350,21.770,170556098
2023-02-27,22.480,22.800,22.100,22.240,136562464
2023-02-28,22.080,22.720,22.000,22.130,122938162
2023-03-01,22.060,22.210,21.370,21.590,150870724
2023-03-02,21.010,22.300,20.950,22.110,154832207
2023-03-03,22.500,23.530,22.390,23.460,149190760
2023-03-06,23.760,24.480,23.500,23.560,150469195
2023-03-07,23.555,23.779,22.530,22.680,174435763
2023-03-08,22.750,23.140,22.330,22.990,143875815
2023-03-09,23.110,23.710,21.590,21.780,193179031
2023-03-10,21.820,22.160,20.620,20.880,309513281
2023-03-13,20.470,22.150,20.130,21.330,326674951
2023-03-14,22.120,22.910,21.920,22.780,214040857
2023-03-15,22.170,23.220,21.830,23.110,271068529
2023-03-16,22.880,25.030,22.720,24.940,226220926
2023-03-17,24.930,25.510,24.100,24.570,199899841
2023-03-20,24.430,24.916,23.890,24.830,162498748
2023-03-21,25.310,26.000,24.930,25.880,132829101
2023-03-22,25.710,26.960,24.650,24.680,233900433
2023-03-23,25.595,26.608,24.880,25.560,193208620
2023-03-24,25.440,25.840,24.840,25.820,167913488
2023-03-27,25.985,26.260,25.060,25.290,135258999
2023-03-28,25.135,25.140,24.290,24.870,116467790
2023-03-29,25.760,26.360,25.570,26.230,117590587
2023-03-30,26.820,27.090,26.490,26.940,128057147
2023-03-31,27.000,28.320,26.915,28.260,124955127
2023-04-03,27.680,28.120,27.330,28.060,123660343
2023-04-04,28.160,28.430,27.420,27.780,114699211
2023-04-05,27.470,27.510,26.410,26.890,127826001
2023-04-06,26.460,27.560,26.110,27.430,119842698
2023-04-07,26.460,27.560,26.110,27.430,120960300
2023-04-10,26.640,27.380,26.170,27.370,116871987
2023-04-11,27.360,27.370,26.700,26.840,102653637
2023-04-12,27.340,27.490,26.000,26.130,171351742
2023-04-13,26.530,27.740,26.490,27.630,121780134
2023-04-14,27.205,27.930,26.700,27.470,141019840
2023-04-17,27.350,27.620,26.810,27.500,113056022
2023-04-18,28.070,28.180,27.200,27.520,104267471
2023-04-19,26.870,27.740,26.840,27.460,93469781
2023-04-20,26.670,27.580,26.470,26.820,134889086
2023-04-21,26.700,27.090,26.250,26.870,113465697
2023-04-24,26.810,27.169,26.140,26.710,106089110
2023-04-25,26.280,26.450,25.170,25.200,127802599
2023-04-26,26.020,26.390,25.510,25.620,119863830
2023-04-27,26.560,27.830,26.390,27.690,120741565
2023-04-28,27.640,28.280,27.330,28.250,128902645
2023-05-01,28.140,28.530,27.875,28.170,86651440
2023-05-02,28.140,28.220,26.960,27.420,122750935
2023-05-03,27.500,28.180,26.830,26.880,166204848
2023-05-04,26.780,27.080,26.284,26.580,116616710
2023-05-05,27.120,28.460,27.035,28.210,96454772
2023-05-08,28.100,28.540,27.820,28.440,74420956
2023-05-09,27.985,28.220,27.810,27.890,63744591
2023-05-10,28.520,29.020,27.870,28.790,150321730
2023-05-11,28.905,29.190,28.490,29.030,96160392
2023-05-12,29.180,29.300,28.170,28.730,104276525
2023-05-15,28.850,29.243,28.435,29.170,85440853
2023-05-16,28.980,29.740,28.960,29.280,78167088
2023-05-17,29.550,30.480,29.230,30.330,99690802
2023-05-18,30.400,32.040,30.400,31.960,132859355
2023-05-19,32.030,32.240,31.450,31.740,97610761
2023-05-22,31.680,32.360,31.670,32.070,81518701
2023-05-23,31.560,31.890,30.730,30.830,105049802
2023-05-24,30.270,30.700,29.770,30.330,109931000
2023-05-25,32.360,32.870,31.680,32.520,129219959
2023-05-26,32.810,35.250,32.790,34.980,124478056
2023-05-29,32.810,35.250,32.790,34.980,125999600
2023-05-30,36.310,36.667,35.040,35.470,133092813
2023-05-31,34.970,35.585,34.400,34.750,103765774
2023-06-01,34.740,36.430,34.410,36.010,106877249
2023-06-02,36.560,37.190,36.010,36.820,106749398
2023-06-05,36.760,37.700,36.560,36.900,102416053
2023-06-06,36.690,37.160,36.260,36.860,79028248
2023-06-07,36.940,37.560,34.770,34.980,112525397
2023-06-08,35.020,36.380,34.950,36.180,92210578
2023-06-09,36.680,37.615,36.195,36.620,102714915
2023-06-12,37.150,38.510,36.840,38.490,75757163
2023-06-13,37.150,39.630,38.320,39.350,131811560
2023-06-14,39.350,40.300,38.424,40.190,149716953
2023-06-15,39.740,42.090,39.510,41.600,126362535
2023-06-16,42.410,42.440,40.650,40.800,111112641
2023-06-19,42.410,42.440,40.650,40.800,112156600
2023-06-20,40.290,41.080,39.600,40.600,83333873
2023-06-21,40.080,40.220,38.500,38.850,98382923
2023-06-22,38.370,40.190,38.239,40.140,103277368
2023-06-23,38.830,39.710,38.380,38.950,111394988
2023-06-26,38.760,39.670,37.342,37.410,106665052
2023-06-27,37.845,39.500,37.600,39.260,95912814
2023-06-28,38.670,40.140,38.632,39.500,106864745
2023-06-29,39.360,39.560,38.670,39.230,97932159
2023-06-30,40.400,41.350,40.295,41.000,90720139
2023-07-03,41.200,41.490,40.840,41.280,39765443
2023-07-04,41.200,41.490,40.840,41.280,39934000
2023-07-05,40.720,41.840,40.720,41.250,68689862
2023-07-06,39.970,40.420,39.290,40.280,84393893
2023-07-10,39.760,40.110,38.930,39.900,84949114
2023-07-11,40.020,40.615,39.300,40.470,80201190
2023-07-12,41.830,42.440,41.150,41.970,113156947
2023-07-13,43.020,44.360,42.830,44.060,80824669
2023-07-14,44.220,45.360,43.720,44.020,91699514
2023-07-17,44.280,45.565,44.110,45.240,71747620
2023-07-18,45.015,46.841,44.310,46.320,95934379
2023-07-19,46.730,47.140,45.820,46.320,97878463
2023-07-20,45.160,45.700,42.690,43.070,115310956
2023-07-21,43.880,44.130,42.510,42.690,100911514
2023-07-24,42.980,43.310,42.203,42.860,62502652
2023-07-25,43.080,44.280,43.080,43.720,64680346
2023-07-26,43.320,43.850,42.440,43.270,100299578
2023-07-27,45.110,45.680,42.450,42.900,129219290
2023-07-28,44.300,45.590,44.130,45.220,101347324
2023-07-31,45.330,45.710,44.820,45.310,78261204
2023-08-01,44.790,45.230,44.211,44.960,74822053
2023-08-02,43.690,43.690,41.530,42.020,126803047
2023-08-03,41.110,42.460,41.050,41.720,94717023
2023-08-04,42.390,43.170,40.970,41.140,122144471
2023-08-07,41.730,42.200,40.940,42.160,73731153
2023-08-08,41.290,41.290,40.000,41.080,93275575
2023-08-09,41.155,41.210,39.450,39.710,97767053
2023-08-10,40.660,41.750,39.375,39.890,128736732
2023-08-11,39.030,39.675,38.600,39.090,99818178
2023-08-14,38.830,40.440,38.600,40.390,69768357
2023-08-15,40.070,40.339,38.880,39.150,80006031
2023-08-16,38.920,39.415,37.820,37.850,92973674
2023-08-17,38.250,38.360,36.430,36.570,101817723
2023-08-18,35.530,36.809,35.370,36.400,121738883
2023-08-21,36.870,38.380,36.710,38.160,93344935
2023-08-22,38.970,38.980,37.770,37.990,89493103
2023-08-23,38.350,40.120,38.280,39.780,81168896
2023-08-24,40.880,40.900,37.100,37.160,113141934
2023-08-25,37.430,38.560,36.350,38.040,137368058
2023-08-28,38.950,39.170,38.080,38.890,89095659
2023-09-11,41.490,42.090,40.840,41.880,69794366
2023-09-12,41.340,41.810,40.400,40.540,76165458
2023-09-13,40.580,41.485,40.190,40.940,84274717
2023-09-14,41.500,42.240,40.800,41.900,74704306
2023-09-15,41.450,41.588,39.431,39.750,88660008
2023-09-18,39.430,40.220,39.331,39.840,61787941
2023-09-19,39.410,39.825,38.600,39.600,73150240
2023-09-20,39.770,39.900,37.700,37.750,95407251
2023-09-21,36.550,36.780,35.570,35.600,106049569
2023-09-22,36.130,36.780,35.521,35.625,92568753
2023-09-25,35.310,36.136,35.010,36.100,79744795
2023-09-26,35.310,35.480,34.170,34.490,103516971
2023-09-27,34.809,35.270,33.630,34.700,125974219
2023-09-28,34.390,36.170,34.131,35.540,132232903
2023-09-29,36.580,37.000,35.230,35.620,140939739
2023-10-02,35.670,36.900,35.480,36.470,116232852
2023-10-03,35.710,36.390,34.040,34.540,130720558
2023-10-04,34.780,36.190,34.640,35.940,123706843
2023-10-05,35.890,36.000,34.515,35.560,107550246
2023-10-06,34.650,37.690,34.410,37.350,145317834
2023-10-09,36.610,38.090,36.143,37.900,104027706
2023-10-10,38.005,39.370,37.850,38.520,107079466
2023-10-11,38.940,39.412,38.400,39.340,93822030
2023-10-12,39.470,40.050,38.121,38.880,115492188
2023-10-13,39.090,39.279,36.974,37.410,128791443
2023-10-16,37.820,39.000,37.772,38.670,85380746
2023-10-17,37.520,38.820,36.850,38.300,104113539
2023-10-18,37.470,38.180,36.331,36.680,128071602
2023-10-19,37.150,37.510,35.440,35.700,182316116
2023-10-20,35.520,35.700,34.020,34.090,136797999
2023-10-23,33.675,35.410,33.061,34.390,130123282
2023-10-24,34.900,35.590,34.400,35.360,118058485
2023-10-25,34.630,34.677,32.580,32.770,157872142
2023-10-26,32.380,32.640,30.470,30.860,180333333
2023-10-27,31.575,32.230,30.950,31.300,145694656
2023-10-30,31.950,32.690,31.575,32.310,130665679
2023-10-31,31.950,32.885,31.599,32.780,110020825
2023-11-01,33.000,34.630,32.970,34.470,162833159
2023-11-02,35.760,36.380,35.400,36.300,113423080
2023-11-03,36.700,37.980,36.630,37.580,113126850
2023-11-06,37.810,38.210,37.320,38.010,90702350
2023-11-07,38.350,39.370,37.970,39.080,101268933
2023-11-08,39.200,39.430,38.430,39.150,93108700
2023-11-09,39.340,39.710,38.060,38.220,127239430
2023-11-10,38.750,40.830,38.580,40.770,122650457
2023-11-13,40.250,40.730,39.750,40.400,89251437
2023-11-14,42.470,43.280,42.290,42.940,115469728
2023-11-15,43.620,43.780,42.600,43.060,107636955
2023-11-16,42.760,43.210,42.331,43.130,87503232
2023-11-17,42.880,43.500,42.565,43.160,77569243
2023-11-20,43.150,44.950,43.145,44.700,81958742
2023-11-21,44.090,44.160,43.292,43.890,71479964
2023-11-22,44.570,45.420,44.054,44.400,85236099
2023-11-23,44.570,45.420,44.050,44.400,85723200
2023-11-24,44.250,44.450,43.850,44.180,31542436
2023-11-27,44.005,44.740,43.765,44.050,60040356
2023-11-28,43.800,44.600,43.670,44.400,78255206
2023-11-29,45.240,45.730,44.130,44.240,87482032
2023-11-30,44.300,44.455,42.842,43.870,92061529
2023-12-01,43.490,44.441,42.925,44.240,85268909
2023-12-04,42.910,43.075,41.730,42.980,89650702
2023-12-05,42.310,43.700,42.265,43.290,82514634
2023-12-06,44.280,44.320,42.410,42.520,80275245
2023-12-07,43.480,44.540,43.110,44.300,80181067
2023-12-08,43.650,45.000,43.585,44.830,90107041
2023-12-11,44.670,46.080,44.600,45.970,74145526
2023-12-12,45.980,47.095,45.570,47.080,69770310
2023-12-13,47.380,49.069,47.100,48.740,112508914
2023-12-14,49.250,49.730,47.550,48.660,100128422
2023-12-15,48.940,49.790,48.720,49.240,77339994
2023-12-18,49.490,50.600,49.367,50.270,57176532
2023-12-19,50.420,51.060,50.355,51.020,59309880
2023-12-20,50.480,51.270,48.460,48.540,85751381
2023-12-21,49.890,50.270,48.940,50.145,73076951
2023-12-22,50.600,50.940,49.643,50.350,65373702
2023-12-25,50.600,50.940,49.640,50.350,66114200
2023-12-26,50.640,51.510,50.620,51.270,42553854
2023-12-27,51.350,51.660,51.020,51.545,54787802
2023-12-28,51.920,52.010,51.270,51.410,41222608
2023-12-29,51.380,51.524,50.000,50.700,66472500
2024-01-01,51.380,51.520,50.000,50.700,66986200
2024-01-02,49.350,49.430,47.265,48.130,86779142
2024-01-03,47.170,47.540,46.436,46.590,82744293
2024-01-04,45.870,46.970,45.730,45.810,70534508
2024-01-05,45.860,46.920,45.470,45.980,84534478
2024-01-08,46.390,48.900,46.330,48.750,66072134
2024-01-09,47.660,49.410,47.610,49.070,73322480
2024-01-10,49.170,50.410,48.840,50.040,72163159
2024-01-11,50.450,50.970,48.402,50.280,94109991
2024-01-12,50.670,50.980,49.840,50.340,63486556
2024-01-15,50.670,50.980,49.840,50.340,63970500
2024-01-16,49.880,50.910,49.330,50.310,72094518
2024-01-17,49.070,49.590,47.870,49.440,82359085
2024-01-18,50.590,51.720,50.110,51.560,89401193
2024-01-19,52.320,54.620,52.100,54.540,91701727
2024-01-22,55.410,55.920,54.510,54.760,74046830
2024-01-23,55.010,55.480,54.280,55.410,54396462
2024-01-24,56.950,57.900,56.115,56.320,87971217
2024-01-25,57.260,57.530,55.520,56.480,73423331
2024-01-26,55.680,56.390,55.180,55.440,63131806
2024-01-29,55.610,57.200,55.340,57.070,56607957
2024-01-30,56.690,56.915,55.600,55.930,55027183
2024-01-31,54.190,54.984,52.585,52.640,99580814
2024-02-01,53.290,54.640,52.910,54.500,73316040
2024-02-02,55.180,57.680,54.790,57.240,97786383
2024-02-05,57.190,57.420,55.570,56.950,69119714
2024-02-06,57.380,57.640,55.640,56.620,68779161
2024-02-07,57.690,58.651,57.170,58.310,64507241
2024-02-08,58.310,58.890,58.020,58.550,48618273
2024-02-09,59.030,60.610,58.712,60.270,54555462
2024-02-12,60.210,61.140,59.275,59.560,56817819
2024-02-13,56.240,57.870,55.435,56.740,92632205
2024-02-14,57.800,58.750,56.860,58.540,76152965
2024-02-15,57.800,59.210,57.730,59.030,63554182
2024-02-16,58.810,59.210,57.110,57.410,74518488
2024-02-19,59.160,59.210,57.110,57.410,75706400
2024-02-20,56.580,57.170,54.560,56.080,80416534
2024-02-21,54.970,55.420,53.820,55.380,71230898
2024-02-22,58.780,60.595,58.490,60.170,87993380
2024-02-23,60.830,61.210,59.220,59.620,69344128
2024-02-26,59.940,60.370,59.430,59.540,54149636
2024-02-27,59.960,60.090,58.870,59.910,54054263
2024-02-28,59.030,59.525,58.550,58.940,59873508
2024-02-29,60.080,60.850,58.785,60.360,66538537
2024-03-01,60.750,63.510,60.730,63.130,69614299
2024-03-04,63.090,63.280,62.310,62.380,59215801
2024-03-05,61.100,61.100,58.020,59.040,94325988
2024-03-06,60.740,61.426,59.350,60.130,89818975
2024-03-07,61.550,63.315,60.914,62.810,67822421
2024-03-08,62.920,64.126,59.770,60.060,146506969
2024-03-11,59.410,59.880,58.560,59.360,72083393
2024-03-12,60.290,62.040,58.960,61.880,83709252
2024-03-13,61.440,61.450,59.969,60.440,70864133
2024-03-14,60.890,61.100,58.790,59.950,78617707
2024-03-15,58.640,58.922,57.285,57.760,69280150
2024-03-18,59.880,60.800,59.290,59.390,62794882
2024-03-19,58.550,59.980,57.680,59.800,58332318
2024-03-20,60.080,61.830,59.370,61.700,75162829
2024-03-21,63.750,63.950,62.420,62.500,62277062
2024-03-22,62.270,63.170,61.905,62.630,45157696
2024-03-25,61.450,62.630,61.060,61.990,42755660
2024-03-26,62.610,63.010,61.280,61.410,46052706
2024-03-27,62.570,62.630,60.710,61.950,54693819
2024-03-28,61.890,62.230,61.400,61.560,42725952
2024-03-29,61.890,62.230,61.400,61.560,43511700
2024-04-01,61.930,62.990,61.120,61.940,55370713
2024-04-02,59.860,60.420,59.001,60.280,53811519
2024-04-03,59.410,61.460,59.380,60.680,54248915
2024-04-04,62.360,62.610,57.740,57.820,81082213
2024-04-05,58.420,60.929,58.055,59.860,76301415
2024-04-08,60.220,60.660,59.312,59.900,44339621
2024-04-09,60.810,60.935,58.575,60.520,58833505
2024-04-10,58.350,59.270,58.060,58.930,99686418
2024-04-11,59.610,62.050,58.684,61.700,72221431
2024-04-12,59.870,60.350,58.120,58.720,85092925
2024-04-15,60.200,60.219,55.440,55.770,99881751
2024-04-16,55.680,56.810,55.240,55.780,80860803
2024-04-17,56.530,56.550,53.350,53.710,83856897
2024-04-18,53.880,54.560,52.515,52.737,84714427
2024-04-19,52.280,52.470,48.850,49.480,123507179
2024-04-22,50.390,51.770,49.170,50.920,69836460
2024-04-23,51.670,53.610,51.490,53.140,72144409
2024-04-24,54.310,54.910,52.832,53.710,67650254
2024-04-25,50.890,53.190,50.480,52.850,80326992
2024-04-26,54.030,55.870,53.770,55.280,67158089
2024-04-29,56.090,56.330,54.875,55.940,50313496
2024-04-30,55.300,55.846,52.731,52.735,58157736
2024-05-01,52.120,54.800,51.270,51.530,102090708
2024-05-02,52.930,53.840,51.201,53.565,58932764
2024-05-03,56.360,57.100,55.730,56.710,74063681
2024-05-06,57.438,58.600,57.115,58.560,40288289
2024-05-07,58.720,59.230,58.283,58.560,45959152
2024-05-08,57.500,59.015,57.450,58.450,38325857
2024-05-09,58.490,58.999,57.750,58.770,39610380
2024-05-10,59.370,60.070,58.540,59.170,45627010
2024-05-13,59.920,59.970,58.980,59.560,32846377
2024-05-14,59.360,60.900,59.280,60.670,45624839
2024-05-15,61.690,63.615,61.070,63.470,63751690
2024-05-16,63.360,64.200,62.990,63.025,42947781
2024-05-17,63.090,63.355,62.020,62.980,34509169
2024-05-20,63.030,64.530,62.945,64.240,36509077
2024-05-21,63.440,64.670,63.350,64.570,30696799
2024-05-22,64.690,65.000,63.420,64.530,36027536
2024-05-23,66.510,66.510,62.801,63.570,64616269
2024-05-24,64.250,65.890,63.940,65.350,40483707
2024-05-27,64.250,65.890,63.940,65.350,41160500
2024-05-28,65.860,66.100,64.800,66.060,40678884
2024-05-29,64.240,65.440,64.200,64.680,38029808
2024-05-30,64.250,64.295,61.990,62.600,41051619
2024-05-31,62.600,62.890,58.960,62.480,70128985
2024-06-03,63.730,64.150,60.962,63.140,54784546
2024-06-04,63.010,64.130,62.270,63.610,43340509
2024-06-05,65.100,67.480,64.650,67.450,50828335
2024-06-06,67.740,67.875,66.850,67.385,35881823
2024-06-07,67.120,68.325,66.620,67.120,44357120
2024-06-10,66.620,68.060,66.480,67.830,35638366
2024-06-11,67.320,69.319,66.660,69.230,34890371
2024-06-12,71.020,73.020,70.720,71.960,59848474
2024-06-13,73.570,73.888,72.070,73.110,42584750
2024-06-14,72.960,74.210,72.735,74.170,35133767
2024-06-17,74.260,77.720,73.670,76.860,45620981
2024-06-18,76.830,77.230,76.060,76.900,32490565
2024-06-19,76.830,77.230,76.060,76.900,33216600
2024-06-20,77.460,77.660,74.230,75.090,51929137
2024-06-21,74.900,75.530,73.722,74.400,38381973
2024-06-24,73.810,74.630,71.800,71.880,45767192
2024-06-25,72.790,74.430,72.370,74.280,38619801
2024-06-26,73.600,74.700,73.420,74.460,34919365
2024-06-27,74.320,75.699,73.921,75.000,35936899
2024-06-28,75.290,77.530,73.450,73.820,52851101
2024-07-01,74.170,75.290,72.420,75.030,42767128
2024-07-02,74.298,77.380,74.240,77.330,36717626
2024-07-03,76.960,79.305,76.950,79.230,27640711
2024-07-04,76.950,79.310,76.950,79.230,28075200
2024-07-05,79.573,81.850,79.430,81.630,39189770
2024-07-08,81.810,82.460,81.281,82.170,35748349
2024-07-09,82.930,83.490,81.620,82.350,35533678
2024-07-10,83.320,85.200,82.671,84.930,37799366
2024-07-11,84.960,85.060,78.700,79.350,73050420
2024-07-12,79.510,82.940,79.295,80.570,49786828
2024-07-15,81.460,83.620,80.230,81.240,53898305
2024-07-16,81.980,82.350,79.740,81.300,41115057
2024-07-17,77.325,77.570,74.090,74.150,69782446
2024-07-18,75.810,75.920,71.550,73.080,64266569
2024-07-19,72.790,73.970,70.440,71.060,57996635
2024-07-22,73.630,74.630,72.120,74.160,55431946
2024-07-23,73.720,75.127,73.140,73.360,40992890
2024-07-24,70.200,70.380,65.045,65.450,77227072
2024-07-25,65.560,67.340,62.130,63.270,91842602
2024-07-26,64.990,66.340,63.780,65.080,68007504
2024-07-29,66.260,67.185,64.521,65.460,56386222
2024-07-30,66.290,66.590,61.340,62.790,66185412
2024-07-31,67.000,69.000,66.380,68.280,82436436
2024-08-01,68.570,70.220,61.704,63.360,100993728
2024-08-02,59.650,60.715,57.000,58.740,102781426
2024-08-05,49.180,56.185,48.800,53.620,139763400
2024-08-06,54.130,57.750,53.140,54.960,93061991
2024-08-07,57.562,58.500,53.000,53.190,87361201
2024-08-08,55.450,58.350,54.010,58.060,73169595
2024-08-09,57.460,59.530,57.000,58.850,61241407
2024-08-12,59.230,60.400,58.115,59.250,53722144
2024-08-13,60.960,63.710,60.900,63.560,52930647
2024-08-14,63.980,64.637,61.870,63.670,60468101
2024-08-15,66.160,68.630,65.988,68.460,51851587
2024-08-16,67.620,69.255,67.190,68.640,44163388
2024-08-19,68.690,71.350,67.885,71.300,44214178
2024-08-20,70.900,72.060,70.090,70.860,47829706
2024-08-21,71.180,72.660,70.420,71.830,49558842
2024-08-22,72.850,73.160,67.920,68.380,62444602
2024-08-23,70.210,71.720,68.500,70.530,63491198
2024-08-26,70.280,70.670,67.530,68.460,41040410
2024-08-27,67.730,69.500,66.850,69.040,34886739
2024-08-28,68.810,69.120,65.156,66.700,52889092
2024-08-29,67.460,69.430,65.790,66.350,58781751
2024-08-30,68.120,68.870,66.180,68.610,45638634
2024-09-02,68.120,68.870,66.180,68.610,46354300
2024-09-03,67.250,67.320,61.292,62.350,71968805
2024-09-04,61.045,63.365,60.650,61.820,47333544
2024-09-05,61.130,63.719,60.720,62.020,53753066
2024-09-06,61.610,61.970,56.720,56.990,82615248
2024-09-09,58.590,59.485,57.340,59.110,53944727
2024-09-10,59.790,60.915,58.200,60.700,44632422
2024-09-11,59.790,64.950,57.770,64.720,73650926
2024-09-12,64.630,66.880,63.890,66.480,54051042
2024-09-13,66.160,67.870,66.050,67.350,43189916
2024-09-16,66.420,66.710,65.025,66.450,40444376
2024-09-17,67.740,68.260,65.470,66.210,46025154
2024-09-18,67.005,68.750,65.390,65.620,80952783
2024-09-19,70.300,71.800,69.412,70.580,56337651
2024-09-20,70.150,70.680,68.310,70.130,47661504
2024-09-23,70.620,71.150,70.045,70.650,34318799
2024-09-24,71.270,72.090,69.390,71.650,39712176
2024-09-25,71.150,72.490,71.059,71.670,30519530
2024-09-26,74.927,75.070,71.580,73.190,52589212
2024-09-27,73.650,73.660,71.390,71.950,40367775
2024-09-30,71.460,72.620,70.180,72.490,42279926
2024-10-01,72.300,72.430,67.700,69.420,66018349
2024-10-02,69.020,70.538,67.870,69.680,38568321
2024-10-03,68.730,70.808,68.390,69.505,47846586
2024-10-04,72.005,72.160,69.790,71.970,54843088
2024-10-07,71.050,71.580,69.058,69.600,39957951
2024-10-08,70.660,72.980,70.310,72.620,38268027
2024-10-09,72.520,74.630,72.060,74.370,38412457
2024-10-10,73.320,74.950,72.720,74.110,42113723
2024-10-11,73.170,74.800,72.900,74.300,34526041
2024-10-14,75.439,76.820,75.210,76.200,33157519
2024-10-15,76.350,76.650,72.140,73.160,52306587
2024-10-16,73.240,73.490,71.670,73.120,34588866
2024-10-17,75.570,75.600,73.250,73.340,47811761
2024-10-18,74.470,75.150,74.130,74.640,31407597
2024-10-21,74.072,75.421,73.180,75.050,36470003
2024-10-22,73.810,75.950,73.455,75.575,35549782
2024-10-23,74.170,74.467,70.280,71.790,56895358
2024-10-24,73.420,73.800,72.240,73.503,38414077
2024-10-25,74.705,77.000,74.390,74.740,56491079
2024-10-28,76.190,76.190,74.660,74.810,33586628
2024-10-29,74.920,77.455,74.070,76.880,36759486
2024-10-30,76.543,76.980,74.940,75.170,37963712
2024-10-31,73.308,73.330,69.430,69.450,66552469
