2022-05-11,365.970,371.360,360.280,361.040,7750318
2022-05-12,357.835,363.710,354.020,360.650,7679237
2022-05-13,364.730,370.580,363.642,369.160,5354824
2022-05-18,370.980,371.130,359.000,360.610,6502046
2022-05-19,357.170,362.230,355.850,357.880,6307798
2022-05-20,361.410,361.950,349.760,358.100,8657146
2022-05-24,360.850,363.210,355.700,362.200,5541546
2022-05-26,366.445,374.130,366.290,372.410,4230090
2022-05-27,374.940,381.860,374.800,381.860,3841961
2022-05-30,374.940,381.860,374.800,381.800,3908700
2022-05-31,380.230,382.850,376.953,379.800,4929051
2022-06-01,381.610,382.640,374.120,376.640,3862239
2022-06-02,376.410,383.740,374.200,383.730,3241040
2022-06-06,381.330,382.960,377.420,378.620,2613238
2022-06-07,375.160,382.609,374.710,382.070,2626444
2022-06-08,380.500,382.229,377.265,378.080,3161956
2022-06-09,376.240,378.440,369.020,369.020,2974485
2022-06-14,346.370,347.320,340.570,343.570,7134782
2022-06-15,346.820,352.800,341.980,348.510,7639977
2022-06-16,340.480,340.830,334.570,337.280,8743701
2022-06-17,337.310,340.870,334.245,337.660,6844171
2022-06-20,337.310,340.870,334.240,337.950,7080100
2022-07-05,345.480,351.100,342.780,351.060,6171200
2022-07-06,351.230,354.680,348.930,352.340,4988465
2022-07-07,354.010,358.290,354.090,357.440,3644137
2022-07-08,355.906,359.040,354.540,357.130,4268926
2022-07-11,354.840,355.561,352.510,353.240,3279917
2022-07-12,352.600,354.900,348.390,350.120,4033531
2022-07-13,344.740,350.900,344.390,348.210,5383257
2022-07-14,343.410,347.940,341.045,347.420,4592095
2022-07-15,351.730,354.070,349.800,353.890,4094928
2022-07-18,356.970,357.539,349.920,351.170,3475319
2022-07-19,354.950,361.090,354.250,360.570,3575764
2022-07-20,360.700,364.240,359.485,362.920,4207860
2022-07-21,362.360,366.620,360.010,366.620,4327953
2022-07-22,ERROR-1
2022-07-25,363.840,364.440,361.450,363.620,3873339
2022-07-26,362.120,362.300,358.450,359.400,2954408
2022-07-27,362.490,370.303,362.220,368.600,4429852
2022-07-28,369.420,373.910,366.000,373.200,4129557
2022-07-29,374.730,379.660,373.940,378.730,5230433
2022-08-01,376.120,380.010,375.440,377.590,4278215
2022-08-02,376.110,379.627,373.950,375.180,3858913
2022-08-03,377.190,382.100,376.910,380.950,3797556
2022-08-04,380.880,381.530,379.238,380.760,3393959
2022-08-05,376.650,380.690,376.580,380.040,2829125
2022-08-08,381.780,383.907,378.582,379.580,2985448
2022-08-09,379.020,379.390,377.120,378.160,2352882
2022-08-10,384.990,386.230,383.120,385.970,3635608
2022-08-11,388.870,390.650,385.401,386.430,3482723
2022-08-12,387.950,392.720,387.090,392.540,3615830
2022-08-15,390.490,394.760,390.480,394.270,3160956
2022-08-16,393.240,396.890,392.440,395.000,3581319
2022-08-17,391.560,394.840,390.293,392.190,3211875
2022-08-18,392.420,394.020,391.170,393.360,3044858
2022-08-19,390.700,390.945,387.260,388.080,2856862
2022-08-22,390.700,383.512,379.090,380.090,3714463
2022-08-23,379.560,381.870,378.523,379.080,2855806
2022-08-24,378.900,381.580,378.191,380.210,2166888
2022-08-25,381.760,385.680,380.720,385.655,2615503
2022-08-26,385.550,386.000,372.540,372.560,5078725
2022-09-13,369.340,370.530,360.280,361.470,5196999
2022-09-14,362.580,364.100,359.530,362.750,3420412
2022-09-15,361.160,363.945,357.410,358.570,3720212
2022-09-16,354.560,356.480,352.700,355.750,4194800
2022-09-19,352.800,358.580,352.750,358.580,3375684
2022-09-20,355.380,356.380,351.833,354.620,3386602
2022-09-21,356.380,359.264,348.310,348.310,5014275
2022-09-22,347.550,348.540,344.670,345.260,5322975
2022-09-23,342.080,342.080,335.310,339.570,10466798
2022-09-26,338.230,341.620,335.070,336.260,5344240
2022-09-27,339.790,341.840,333.100,335.410,5646681
2022-09-28,334.800,342.100,333.190,340.490,8413254
2022-09-29,337.150,337.300,330.530,333.430,7148612
2022-09-30,332.570,336.190,328.120,328.230,7564188
2022-10-03,331.790,338.632,330.100,336.840,5476553
2022-10-04,342.140,347.330,342.145,347.220,4993805
2022-10-05,343.120,348.500,340.860,346.590,4672730
2022-10-06,345.180,347.938,342.490,342.950,3781114
2022-10-07,339.080,339.320,331.669,333.370,5137547
2022-10-10,334.470,334.670,328.660,330.850,3759554
2022-10-11,329.200,333.560,326.850,328.680,4872720
2022-10-12,329.150,330.580,327.440,327.620,3200582
2022-10-13,320.840,337.675,319.910,336.210,6330304
2022-10-14,338.620,340.190,328.025,328.700,4815989
2022-10-17,334.570,338.100,334.460,337.070,3770484
2022-10-18,344.680,345.000,337.765,341.090,4758971
2022-10-19,339.040,341.670,335.900,338.510,4384993
2022-10-20,338.170,342.410,335.060,335.820,3402562
2022-10-21,335.500,344.381,334.170,343.910,4343361
2022-10-24,345.450,349.210,342.898,348.030,4662688
2022-10-25,348.050,354.030,348.050,353.520,4586775
2022-10-26,350.700,356.140,350.460,351.150,4208375
2022-10-27,352.050,353.790,348.595,349.260,3961269
2022-10-28,349.040,357.980,348.975,357.410,4260551
2022-10-31,355.160,356.920,354.050,355.000,6381455
2022-11-01,358.530,358.765,352.290,353.390,7036148
2022-11-02,352.780,357.080,344.410,344.410,4951319
2022-11-03,341.340,343.810,338.900,340.960,3971511
2022-11-04,346.410,348.020,340.000,345.880,3596195
2022-11-07,347.060,349.710,345.160,349.200,3258810
2022-11-08,350.210,353.870,347.130,350.970,3219475
2022-11-09,349.080,350.207,343.358,343.850,3511088
2022-11-10,356.520,363.010,354.520,362.650,4559271
2022-11-11,363.690,367.000,361.740,366.340,4861883
2022-11-14,364.570,367.790,362.890,363.250,4238982
2022-12-23,348.930,351.948,347.350,351.770,4105553
2022-12-26,348.930,351.950,347.350,351.870,4570600
2022-12-27,351.760,352.010,348.850,350.440,4149653
2022-12-30,349.790,351.490,347.763,351.360,4884205
2023-01-02,349.790,351.490,347.760,351.340,5319300
2023-01-03,353.181,355.042,347.210,349.920,4735284
2023-01-04,352.100,354.564,349.200,352.560,2923094
2023-01-05,350.730,350.780,348.070,348.620,3053888
2023-01-06,351.590,357.670,348.740,356.560,3437935
2023-01-09,358.730,361.730,356.221,356.380,3748164
2023-01-10,355.840,358.920,354.960,358.900,3175841
2023-01-11,360.410,363.500,359.680,363.420,5114305
2023-01-12,364.480,366.083,360.610,364.790,4598688
2023-01-13,361.681,366.730,361.470,366.180,2957986
2023-01-16,361.680,366.730,361.470,366.230,3012300
2023-01-17,366.190,367.710,364.910,365.530,4307589
2023-01-18,366.670,367.660,359.580,359.800,3838551
2023-01-19,357.760,359.355,355.850,357.180,2917745
2023-01-20,358.450,363.910,356.880,363.610,3192444
2023-01-23,364.510,370.000,363.677,368.100,3212493
2023-01-24,366.570,368.610,365.420,367.680,2562718
2023-01-25,363.780,368.160,361.680,367.970,3028326
2023-01-26,370.460,372.060,367.610,371.860,3334582
2023-01-27,370.890,375.080,370.770,372.820,4730500
2023-01-30,370.150,372.290,367.865,368.160,3196028
2023-01-31,368.610,373.520,368.385,373.350,4092978
2023-02-01,372.440,380.129,369.815,377.380,4733293
2023-02-02,381.250,384.410,379.455,382.820,4989946
2023-02-03,378.230,383.200,377.800,378.960,5905239
2023-02-06,376.575,377.901,375.020,376.680,2824721
2023-02-07,375.790,382.747,374.620,381.490,3910698
2023-02-08,379.690,380.930,376.730,377.360,2870591
2023-02-09,380.970,381.160,372.949,374.190,3299005
2023-02-10,373.000,375.390,372.200,374.970,3233438
2023-02-13,375.649,379.410,375.220,379.380,2942651
2023-02-14,377.960,381.420,375.480,379.250,4543382
2023-02-15,377.150,380.530,376.450,380.470,2793493
2023-02-16,375.660,379.430,375.090,375.270,3004566
2023-02-17,373.179,374.450,371.320,374.220,3241047
2023-02-20,373.180,374.450,371.320,374.220,3282600
2023-02-21,370.400,371.332,366.490,366.870,2992345
2023-02-22,367.180,368.590,364.861,366.280,3240520
2023-02-23,369.070,369.570,364.160,368.150,2848237
2023-02-24,363.310,365.030,361.730,364.260,4031899
2023-02-27,367.490,368.770,364.594,365.470,3223076
2023-02-28,365.010,366.855,364.000,364.000,2902746
2023-03-01,363.340,364.500,361.500,362.780,3541365
2023-03-02,360.810,366.350,360.530,365.490,2707074
2023-03-03,367.290,371.670,366.700,371.370,4224549
2023-03-06,372.260,374.440,371.300,371.670,2590112
2023-03-07,371.630,371.890,365.385,366.030,3520538
2023-03-08,366.110,367.299,364.440,366.630,2886899
2023-03-09,367.350,368.880,358.850,359.960,4365379
2023-03-10,359.330,361.240,353.160,354.600,8256161
2023-03-13,350.760,358.670,349.780,354.050,6306748
2023-03-14,358.880,361.490,355.640,359.920,4713671
2023-03-15,354.460,357.880,352.565,357.730,6468438
2023-03-16,355.540,364.260,354.990,363.910,4733571
2023-03-17,362.760,363.780,358.420,359.970,5112213
2023-03-20,360.470,363.580,359.830,363.130,3086103
2023-03-21,366.420,368.405,364.880,367.920,3453620
2023-03-22,367.780,371.219,361.660,361.900,3968509
2023-03-23,364.480,368.280,360.130,362.660,4585693
2023-03-24,359.980,363.600,357.750,363.410,3682997
2023-03-27,365.725,366.430,363.420,364.200,4099027
2023-03-28,363.540,364.200,361.695,363.470,2366305
2023-03-29,367.400,368.940,366.290,368.660,3617553
2023-03-30,371.230,371.479,369.120,370.870,3124000
2023-03-31,371.780,376.340,371.650,376.090,3967652
2023-04-03,375.600,377.910,375.240,377.460,3346642
2023-04-04,378.190,378.380,374.130,375.480,2699944
2023-04-05,374.710,375.410,372.890,374.510,3213465
2023-04-06,373.670,376.185,372.720,375.940,3050705
2023-04-07,373.670,376.190,372.720,375.950,3076200
2023-04-10,373.550,376.390,372.960,376.370,2651902
2023-04-11,376.900,377.750,375.710,376.400,3051779
2023-04-12,378.400,378.620,374.320,374.880,3532874
2023-04-13,375.910,380.170,375.480,379.800,2661884
2023-04-14,379.270,381.330,376.730,378.980,2946304
2023-04-17,378.840,380.320,377.680,380.320,2554017
2023-04-18,381.840,381.870,379.240,380.540,2994221
2023-04-19,378.730,381.320,378.670,380.530,2621425
2023-04-20,377.780,380.069,376.990,378.360,2933859
2023-04-21,378.680,379.100,376.840,378.650,2717249
2023-04-24,378.480,379.470,377.235,379.070,2300524
2023-04-25,377.180,377.680,373.030,373.080,3714272
2023-04-26,373.660,374.670,370.980,371.500,3722813
2023-04-27,373.890,379.130,373.695,378.870,4211745
2023-04-28,378.040,382.110,378.000,382.090,3353188
2023-05-01,381.730,383.550,381.530,381.730,2894062
2023-05-02,381.060,381.130,374.690,377.490,4289228
2023-05-03,377.910,380.200,374.610,374.800,5423320
2023-05-04,373.840,374.095,370.940,372.260,4375820
2023-05-05,375.740,380.090,375.470,379.020,3093996
2023-05-08,379.410,379.600,377.880,379.210,2944859
2023-05-09,377.710,378.580,377.330,377.580,2256758
2023-05-10,380.280,380.830,375.650,379.220,3490708
2023-05-11,378.470,378.880,376.690,378.690,2654760
2023-05-12,379.850,380.000,375.850,378.200,2516141
2023-05-15,378.740,379.840,376.910,379.390,3849706
2023-05-16,378.390,379.280,376.910,376.960,2243170
2023-05-17,378.850,382.090,377.280,381.460,3136131
2023-05-18,381.260,385.570,381.001,385.160,3314823
2023-05-19,386.020,386.540,383.440,384.570,3572962
2023-05-22,384.660,386.230,383.490,384.730,2751204
2023-05-23,383.190,384.110,380.080,380.440,2867556
2023-05-24,378.910,379.250,376.580,377.710,3464296
2023-05-25,380.990,382.280,378.930,380.950,3294949
2023-05-26,381.640,386.570,381.535,385.870,3018766
2023-05-29,381.640,386.570,381.540,385.870,3040700
2023-05-30,387.760,388.259,384.760,386.000,3953464
2023-05-31,384.310,385.160,382.420,383.880,3972809
2023-06-01,384.200,388.570,382.970,387.520,3419341
2023-06-02,390.080,393.960,389.540,393.210,7277607
2023-06-05,393.540,394.755,391.793,392.450,3985289
2023-06-06,392.050,393.790,391.410,393.320,2765136
2023-06-07,393.670,394.760,391.540,391.970,3905608
2023-06-08,391.960,394.720,391.290,394.270,2334465
2023-06-09,395.050,396.925,394.080,395.010,3051385
2023-06-12,395.980,398.685,395.315,398.620,3743561
2023-06-13,400.019,401.850,399.410,401.240,3783118
2023-06-14,401.610,403.431,398.470,401.740,5011094
2023-06-15,401.000,407.900,400.905,406.730,5244498
2023-06-16,408.690,408.740,404.890,405.300,4872702
2023-06-19,408.690,408.760,404.890,405.250,5132700
2023-06-20,403.490,404.320,401.280,403.270,4203395
2023-06-21,402.310,403.050,400.670,401.150,3333051
2023-06-22,400.280,402.720,399.950,402.670,3056954
2023-06-23,399.330,401.280,398.930,399.600,3768955
2023-06-26,399.040,400.860,397.730,397.970,3158020
2023-06-27,398.800,402.930,398.390,402.310,4275143
2023-06-28,401.350,403.485,400.730,402.540,4118381
2023-06-29,400.600,402.660,400.224,402.550,3881376
2023-06-30,405.400,408.220,405.310,407.270,4892566
2023-07-03,406.920,408.060,406.680,408.060,2202748
2023-07-04,406.920,408.060,406.680,408.060,2372000
2023-07-05,406.010,407.840,406.050,407.190,3889797
2023-07-06,403.780,404.330,401.560,403.970,4973084
2023-07-10,402.630,404.110,402.060,403.950,3270282
2023-07-11,404.770,407.000,403.770,406.540,3147905
2023-07-12,410.190,411.100,408.790,409.780,4190490
2023-07-13,411.540,413.810,411.170,413.080,3165950
2023-07-14,413.940,414.705,412.080,412.790,3379234
2023-07-17,412.650,415.250,412.650,414.230,2945598
2023-07-18,413.910,417.930,413.540,417.320,3485243
2023-07-19,418.070,419.360,417.490,418.280,3125965
2023-07-20,417.300,418.137,414.820,415.460,4049886
2023-07-21,417.110,417.300,415.480,415.530,3122845
2023-07-24,416.580,418.090,416.015,417.360,3368428
2023-07-25,417.080,419.640,417.067,418.470,3890341
2023-07-26,417.620,419.890,416.610,418.540,4944012
2023-07-27,421.790,422.150,414.920,415.760,4127475
2023-07-28,418.930,420.611,418.160,419.830,2683656
2023-07-31,420.320,420.960,419.070,420.560,3373702
2023-08-01,419.260,420.080,418.560,419.410,2948628
2023-08-02,416.460,416.680,412.880,413.690,4300076
2023-08-03,411.680,414.190,411.090,412.430,2901600
2023-08-04,414.150,416.129,410.060,410.500,4835682
2023-08-07,412.290,414.240,411.640,414.090,2544837
2023-08-08,411.760,412.740,409.125,412.330,3710538
2023-08-09,412.660,412.725,408.850,409.570,3113299
2023-08-10,411.800,415.050,408.620,409.780,4312582
2023-08-11,407.950,410.410,407.395,409.440,2887710
2023-08-14,408.560,411.740,408.310,411.680,2644919
2023-08-15,410.090,411.712,406.420,407.020,3916299
2023-08-16,406.590,408.110,403.870,403.910,3293564
2023-08-17,405.330,405.580,400.370,400.860,5084468
2023-08-18,398.170,402.000,397.850,401.030,4099068
2023-08-21,402.140,404.390,399.990,403.700,3268670
2023-08-22,405.350,405.400,402.060,402.610,2593459
2023-08-23,403.560,407.670,403.475,407.040,3088426
2023-08-24,408.600,409.079,401.400,401.540,3221453
2023-08-25,403.080,405.800,399.710,404.260,4376223
2023-08-28,406.360,407.420,405.120,406.830,3057809
2023-09-11,411.880,412.370,410.290,412.130,3101267
2023-09-12,410.700,412.140,409.290,409.800,7588296
2023-09-13,410.030,411.400,408.990,410.320,2515657
2023-09-14,412.670,414.510,411.420,413.870,3522744
2023-09-15,412.340,412.670,408.500,408.850,3778215
2023-09-18,408.580,410.340,408.160,409.180,2990797
2023-09-19,408.220,408.790,405.731,408.310,3595825
2023-09-20,409.460,409.820,404.330,404.520,3897391
2023-09-21,401.800,402.050,397.700,397.900,4580968
2023-09-22,398.795,400.326,396.555,396.910,6727702
2023-09-25,395.760,398.639,395.385,398.590,3146076
2023-09-26,395.720,396.360,391.960,392.770,5688231
2023-09-27,393.840,394.390,389.450,392.850,4687113
2023-09-28,390.870,395.270,390.330,393.730,3861783
2023-09-29,396.620,396.730,391.300,392.590,5718648
2023-10-02,391.900,393.760,389.970,392.630,5542475
2023-10-03,390.580,391.890,386.035,387.420,6694819
2023-10-04,387.730,390.850,386.400,390.200,4143626
2023-10-05,389.890,390.789,386.960,389.990,3087209
2023-10-06,387.690,396.065,386.410,394.580,4709337
2023-10-09,392.800,397.685,392.320,397.170,2943806
2023-10-10,397.770,401.670,397.388,399.160,3214302
2023-10-11,400.270,401.090,397.994,400.850,3583506
2023-10-12,401.480,401.800,396.210,398.480,3663784
2023-10-13,399.810,400.960,394.960,396.490,3732620
2023-10-16,398.570,401.570,398.340,400.560,5076958
2023-10-17,397.630,402.497,397.307,400.620,4128557
2023-10-18,398.890,399.780,394.220,395.280,6208032
2023-10-19,395.970,397.600,391.135,391.780,6673718
2023-10-20,391.380,391.820,386.840,386.890,7222757
2023-10-23,385.480,389.910,383.850,386.280,5463859
2023-10-24,388.280,390.250,386.550,389.040,4362117
2023-10-25,387.600,387.680,383.120,383.810,4936135
2023-10-26,382.630,383.397,378.170,379.050,6736353
2023-10-27,380.530,380.870,375.950,377.330,5620812
2023-10-30,379.910,382.794,378.740,381.850,5532206
2023-10-31,382.350,384.480,380.560,384.210,4485443
2023-11-01,385.090,389.075,384.620,388.320,5346771
2023-11-02,391.930,395.910,391.920,395.720,4674280
2023-11-03,397.920,400.850,397.860,399.450,5966382
2023-11-06,400.120,400.733,398.460,400.260,3913898
2023-11-07,400.260,402.040,399.255,401.400,3279152
2023-11-08,401.990,402.503,399.560,401.700,3660837
2023-11-09,402.810,402.830,398.210,398.640,4004681
2023-11-10,400.590,405.109,399.140,404.830,3864038
2023-11-13,403.590,405.490,402.820,404.430,2861419
2023-11-14,410.040,413.500,409.886,412.230,6945458
2023-11-15,413.540,414.720,412.370,413.130,4356353
2023-11-16,412.740,413.940,411.750,413.690,3655162
2023-11-17,413.940,414.780,412.870,414.220,3363866
2023-11-20,413.990,418.180,413.980,417.360,3506376
2023-11-21,416.400,416.839,415.310,416.470,3857286
2023-11-22,418.070,419.290,417.080,418.110,3688120
2023-11-23,418.070,419.310,417.060,418.140,3692800
2023-11-24,418.190,418.490,417.880,418.370,1346203
2023-11-27,417.790,418.527,417.230,417.610,3613624
2023-11-28,417.250,419.250,416.710,417.980,3313964
2023-11-29,420.059,421.100,417.365,417.800,3959139
2023-11-30,418.540,419.700,416.570,419.210,4371504
2023-12-01,418.830,422.370,418.250,421.800,4688155
2023-12-04,418.650,419.870,417.500,419.680,4985204
2023-12-05,418.340,420.460,418.000,419.580,3308146
2023-12-06,421.610,421.670,417.480,417.810,4173058
2023-12-07,419.810,421.660,419.338,421.010,3229679
2023-12-08,420.370,423.370,420.150,422.860,4612743
2023-12-11,422.410,424.710,422.260,424.520,4231199
2023-12-12,424.220,426.610,423.274,426.470,5955128
2023-12-13,426.880,432.610,426.510,432.340,7535084
2023-12-14,434.220,435.364,431.240,433.780,8215785
2023-12-15,433.190,434.250,432.250,433.140,5183179
2023-12-18,434.640,436.400,434.450,435.530,4266296
2023-12-19,436.040,438.220,435.980,438.120,3814993
2023-12-20,435.510,437.305,429.910,430.100,5201699
2023-12-21,433.130,434.640,430.855,434.370,4599002
2023-12-22,435.460,436.838,433.480,435.220,3918737
2023-12-25,435.460,436.840,433.480,435.290,4035200
2023-12-26,435.666,437.920,435.599,437.100,3775938
2023-12-27,436.895,438.010,436.420,437.910,4184119
2023-12-28,438.250,438.840,437.660,438.080,3812613
2023-12-29,437.870,438.340,434.940,436.900,4357593
2024-01-01,437.870,438.340,434.940,436.800,4374400
2024-01-02,433.910,435.242,432.360,434.320,7314079
2024-01-03,432.320,432.970,430.250,430.760,4687628
2024-01-04,430.330,432.780,429.210,429.450,3683773
2024-01-05,429.590,432.290,428.650,430.070,5686052
2024-01-08,430.450,436.270,430.370,436.080,6879024
2024-01-09,433.620,436.390,433.163,435.350,6564205
2024-01-10,435.770,438.735,435.490,437.900,4079213
2024-01-11,438.940,439.355,434.000,437.750,4770498
2024-01-12,439.110,439.800,436.730,438.040,3964880
2024-01-15,439.110,439.800,436.730,437.990,5180800
2024-01-16,436.790,437.970,434.740,436.460,5590657
2024-01-17,433.600,434.480,431.810,434.030,6026934
2024-01-18,435.580,438.380,434.162,437.770,4292798
2024-01-19,439.000,443.580,438.310,443.280,4784020
2024-01-22,444.770,445.920,443.700,444.360,5849713
2024-01-23,444.830,445.810,443.780,445.650,3082871
2024-01-24,448.320,449.190,445.750,446.050,4206044
2024-01-25,448.140,448.760,446.110,448.480,4109223
2024-01-26,448.100,449.510,447.160,448.050,4959829
2024-01-29,448.230,451.610,447.711,451.490,4435453
2024-01-30,450.840,451.810,450.440,451.090,3299794
2024-01-31,449.040,449.465,443.750,443.820,7042598
2024-02-01,445.350,449.590,444.650,449.520,5720545
2024-02-02,450.010,455.880,449.690,454.150,6082601
2024-02-05,453.730,454.130,450.540,452.690,4917887
2024-02-06,453.580,454.280,452.210,453.910,4230990
2024-02-07,456.150,458.180,455.280,457.700,6512373
2024-02-08,457.810,458.330,457.040,458.030,3946056
2024-02-09,458.540,461.015,458.170,460.610,3857691
2024-02-12,460.610,462.740,459.785,460.370,4348689
2024-02-13,454.480,455.700,450.995,454.170,6663576
2024-02-14,456.575,458.660,454.400,458.240,4868809
2024-02-15,458.900,461.540,458.430,461.320,4568354
2024-02-16,458.900,462.150,458.420,459.010,4275570
2024-02-19,461.080,462.150,458.400,459.030,5526200
2024-02-20,461.080,458.060,454.440,456.510,5202110
2024-02-21,455.320,457.120,453.600,456.920,4030474
2024-02-22,463.220,467.330,462.315,466.410,4210032
2024-02-23,468.090,468.850,466.091,466.740,3773377
2024-02-26,467.190,467.590,464.940,465.040,3432763
2024-02-27,465.710,466.120,463.920,465.920,3557504
2024-02-28,464.490,465.830,464.130,465.250,2714682
2024-02-29,466.970,468.490,464.470,466.895,7221378
2024-03-01,467.830,471.730,467.430,471.420,4671621
2024-03-04,470.610,472.600,470.600,470.820,3794125
2024-03-05,468.950,469.360,464.060,466.140,4411329
2024-03-06,469.250,470.650,467.320,468.530,5217639
2024-03-07,471.630,474.180,470.780,473.290,6939745
2024-03-08,473.770,476.299,469.845,470.380,6251627
2024-03-11,469.200,470.455,467.390,469.960,5143427
2024-03-12,471.920,475.530,469.570,475.030,4589706
2024-03-13,475.310,475.470,472.930,474.240,3479535
2024-03-14,475.160,475.325,470.470,473.320,5121396
2024-03-15,470.410,471.781,468.720,469.870,6701085
2024-03-18,473.950,475.279,472.500,472.910,3820166
2024-03-19,472.200,475.740,471.290,475.480,4030784
2024-03-20,475.540,480.020,474.930,479.810,6138705
2024-03-21,482.620,483.235,481.210,481.450,4551907
2024-03-22,479.870,480.320,478.820,479.110,5711314
2024-03-25,477.730,478.780,477.555,477.790,4260195
2024-03-26,479.060,479.350,476.430,476.710,6393333
2024-03-27,479.510,480.870,477.450,480.850,4711165
2024-03-28,480.870,482.160,480.503,480.740,3928973
2024-03-29,480.870,482.160,480.500,480.700,4065000
2024-04-01,481.440,481.940,478.870,479.950,5451247
2024-04-02,476.330,476.990,474.710,476.880,4732194
2024-04-03,475.840,478.802,475.790,477.330,5871091
2024-04-04,481.200,481.480,471.270,471.620,6720178
2024-04-05,472.850,478.330,472.470,476.360,5545984
2024-04-08,477.150,478.060,475.980,476.700,4715439
2024-04-09,478.380,478.600,472.740,477.240,5155037
2024-04-10,471.910,474.390,470.670,472.590,6867473
2024-04-11,473.980,477.430,470.670,476.100,5092391
2024-04-12,472.770,474.035,467.910,469.490,6891467
2024-04-15,473.470,473.590,462.850,463.710,9278158
2024-04-16,464.050,465.510,461.590,462.710,6735510
2024-04-17,465.110,465.240,458.750,459.980,7044825
2024-04-18,461.360,463.300,458.220,459.130,5211226
2024-04-19,458.990,459.940,453.930,455.070,8353733
2024-04-22,457.550,461.730,455.350,459.170,5444038
2024-04-23,461.180,465.120,460.670,464.710,3947601
2024-04-24,465.570,466.290,462.450,464.580,5823436
2024-04-25,458.770,463.460,457.260,462.760,4767989
2024-04-26,465.330,468.630,464.830,467.130,4842943
2024-04-29,468.840,469.420,466.210,468.810,3229066
2024-04-30,467.420,468.340,461.420,461.430,4213295
2024-05-01,460.770,467.040,459.440,459.640,5839783
2024-05-02,463.360,464.950,459.160,464.130,3892424
2024-05-03,469.760,471.000,467.440,469.930,4486382
2024-05-06,472.220,474.810,471.829,474.800,4099390
2024-05-07,475.700,476.640,474.710,475.380,3377422
2024-05-08,473.590,475.860,473.515,475.410,3197751
2024-05-09,475.590,478.130,474.940,478.110,3045521
2024-05-10,479.690,480.390,477.590,478.750,3333721
2024-05-13,480.350,480.410,477.730,478.800,3069112
2024-05-14,478.980,481.470,478.480,480.970,3231454
2024-05-15,483.340,487.230,482.735,486.910,4329646
2024-05-16,487.050,488.570,485.840,485.950,3294632
2024-05-17,486.090,486.730,484.726,486.690,3159718
2024-05-20,486.780,488.610,486.460,487.250,2526369
2024-05-21,486.530,488.570,486.400,488.420,2342161
2024-05-22,487.790,488.421,484.940,487.030,2270117
2024-05-23,489.910,489.990,482.290,483.420,3432274
2024-05-24,485.180,487.400,484.350,486.730,2383126
2024-05-27,485.180,487.400,484.330,486.730,2551400
2024-05-28,487.400,487.645,484.525,487.080,3662943
2024-05-29,483.190,484.677,482.960,483.660,3996690
2024-05-30,482.120,482.750,479.220,480.360,3293750
2024-05-31,481.240,484.900,476.475,484.000,4910573
2024-06-03,486.300,486.390,480.405,485.160,3914502
2024-06-04,484.000,486.400,482.560,485.710,2536060
2024-06-05,487.870,491.510,486.060,491.490,2972671
2024-06-06,491.840,492.180,489.640,491.430,2738745
2024-06-07,490.550,493.530,489.540,490.850,3000158
2024-06-10,490.170,492.670,489.560,492.440,3277867
2024-06-11,490.990,493.660,489.109,493.640,3722876
2024-06-12,497.930,500.150,496.710,497.640,3639463
2024-06-13,499.300,499.450,496.060,498.650,7218334
2024-06-14,497.260,499.040,496.305,498.930,4136770
2024-06-17,498.480,504.180,497.910,502.900,3992780
2024-06-18,503.050,504.355,502.630,504.250,3312183
2024-06-19,503.050,504.360,502.630,504.280,3431700
2024-06-20,505.140,505.740,501.190,502.890,4691146
2024-06-21,502.100,503.216,500.850,501.820,3615723
2024-06-24,502.030,504.440,500.450,500.490,4311296
2024-06-25,501.710,502.830,500.325,502.450,6136417
2024-06-26,501.470,503.760,500.890,503.110,2787313
2024-06-27,503.000,504.480,502.320,503.950,3115344
2024-06-28,502.970,505.730,499.010,500.210,5156826
2024-07-01,501.490,501.680,498.610,501.250,4180618
2024-07-02,499.690,504.610,499.610,504.540,3859367
2024-07-03,504.220,507.140,504.220,506.810,2106322
2024-07-04,504.220,507.140,504.220,506.810,2131100
2024-07-05,507.130,510.090,506.490,509.800,3021886
2024-07-08,510.500,511.200,509.320,510.380,3120190
2024-07-09,511.210,512.010,510.540,510.820,3094718
2024-07-10,511.980,516.185,511.690,515.800,2929794
2024-07-11,516.000,516.790,510.825,511.440,5118612
2024-07-12,512.490,518.030,512.170,514.630,4719571
2024-07-15,516.580,519.120,514.340,516.000,5927185
2024-07-16,517.330,519.400,516.600,519.070,4078615
2024-07-17,513.560,515.110,511.625,511.870,4723115
2024-07-18,513.250,514.190,505.871,507.780,4491324
2024-07-19,507.640,509.150,503.575,504.510,4005180
2024-07-22,508.270,510.320,506.470,509.720,4065315
2024-07-23,509.660,511.650,508.490,508.890,2760166
2024-07-24,504.430,504.700,496.545,497.340,6099847
2024-07-25,497.550,503.140,493.930,494.790,5157611
2024-07-26,498.360,502.885,497.690,500.190,3527418
2024-07-29,501.820,502.765,498.775,500.645,3016357
2024-07-30,502.050,502.990,494.915,498.220,3648850
2024-07-31,504.480,508.653,503.305,505.840,4793532
2024-08-01,507.840,509.880,495.780,499.040,6244661
2024-08-02,492.410,493.520,485.800,489.760,8502510
2024-08-05,470.170,481.160,468.900,475.260,14805483
2024-08-06,477.390,486.830,475.940,479.920,8156857
2024-08-07,485.700,488.550,476.110,476.610,5835080
2024-08-08,481.490,488.250,479.650,487.620,3820640
2024-08-09,486.930,491.210,485.860,489.670,5930638
2024-08-12,490.940,492.340,487.980,490.130,3542592
2024-08-13,493.140,498.365,492.950,498.160,3202896
2024-08-14,498.920,500.850,496.478,499.730,3492373
2024-08-15,505.090,508.520,504.486,508.290,4048124
2024-08-16,506.840,510.100,506.690,509.410,3415055
2024-08-19,509.860,514.340,509.060,514.320,3710245
2024-08-20,513.920,515.480,512.260,513.510,3096769
2024-08-21,514.470,516.660,512.850,515.290,3239572
2024-08-22,517.050,517.630,510.100,511.140,3417121
2024-08-23,514.330,517.550,512.252,516.600,4867243
2024-08-26,517.640,518.290,513.875,515.370,3369560
2024-08-27,514.260,516.590,513.160,516.170,2916562
2024-08-28,515.800,516.220,510.160,513.180,3639873
2024-08-29,514.990,518.090,512.130,513.210,3458729
2024-08-30,515.420,518.580,512.130,517.990,5046558
2024-09-02,515.420,518.580,512.120,518.040,5634400
2024-09-03,515.120,515.430,505.100,507.520,5563883
2024-09-04,505.680,509.530,505.037,506.210,3533756
2024-09-05,506.360,508.940,502.899,505.050,3351856
2024-09-06,505.340,506.940,495.800,496.680,6752201
2024-09-09,500.600,503.370,498.750,502.110,3458304
2024-09-10,503.950,504.705,499.500,504.380,2837534
2024-09-11,504.310,510.440,496.259,509.470,6108979
2024-09-12,510.090,514.140,508.060,513.810,4078611
2024-09-13,514.430,517.520,514.240,516.560,3396583
2024-09-16,516.340,517.590,514.660,517.440,3605046
2024-09-17,519.440,520.735,515.500,516.690,3839389
2024-09-18,518.180,522.720,515.470,516.040,6338469
2024-09-19,524.880,526.600,522.190,524.810,5312692
2024-09-20,523.510,524.920,521.140,523.740,5581869
2024-09-23,525.000,525.830,523.830,525.230,3640604
2024-09-24,526.010,526.840,523.390,526.740,3820043
2024-09-25,526.610,527.300,524.655,525.590,3400754
2024-09-26,529.670,529.910,525.530,527.690,3655173
2024-09-27,527.090,527.760,524.320,525.210,3796039
2024-09-30,524.320,527.950,522.190,527.570,6321072
2024-10-01,527.040,527.095,520.230,522.670,8859648
2024-10-02,521.850,523.835,519.580,522.860,3070839
2024-10-03,521.560,523.755,519.908,521.860,3956573
2024-10-04,526.160,527.020,522.300,526.680,4438862
2024-10-07,525.140,525.720,520.840,521.970,3944593
2024-10-08,524.320,527.380,523.530,526.780,2396214
2024-10-09,526.870,531.028,526.315,530.490,2836634
2024-10-10,529.270,530.880,528.090,529.600,3615130
2024-10-11,529.500,533.430,529.390,532.740,5355571
2024-10-14,534.250,537.967,533.970,537.090,2612364
2024-10-15,537.380,537.610,531.875,533.050,4567555
2024-10-16,532.930,535.730,532.215,535.170,2532600
2024-10-17,538.620,538.760,535.150,535.180,3037610
2024-10-18,536.900,538.100,535.560,537.330,4065884
2024-10-21,536.720,537.610,533.710,536.570,3324851
2024-10-22,534.110,537.270,533.470,536.860,2478656
2024-10-23,534.280,534.681,528.020,531.230,5114371
2024-10-24,533.170,533.180,530.060,532.510,4096096
2024-10-25,534.650,537.260,531.414,532.350,3769006
2024-10-28,535.530,535.550,533.671,533.910,3127044
2024-10-29,533.120,535.815,531.752,534.780,2939995
2024-10-30,534.350,536.185,532.590,533.120,2493906
2024-10-31,529.090,529.230,522.510,522.640,7176306
